PosCenterGear
353
0.000 0.030 2.963 296.296 0.000 0.010 0.000 13.625
0.001 0.059 2.963 -0.000 0.000 0.010 0.001 13.625
0.002 0.133 7.407 444.444 0.000 0.010 0.002 13.625
0.004 0.237 10.370 296.296 0.000 0.010 0.004 13.625
0.008 0.370 13.333 296.296 0.000 0.010 0.008 13.625
0.013 0.533 16.296 296.296 0.000 0.010 0.013 13.625
0.021 0.726 19.259 296.296 0.000 0.010 0.021 13.625
0.030 0.948 22.222 296.296 0.000 0.010 0.030 13.625
0.042 1.200 25.185 296.296 0.000 0.010 0.042 13.625
0.057 1.481 28.148 296.296 0.000 0.010 0.057 13.625
0.075 1.793 31.111 296.296 0.000 0.010 0.075 13.625
0.096 2.133 34.074 296.296 0.000 0.010 0.096 13.625
0.121 2.504 37.037 296.296 0.000 0.010 0.121 13.625
0.150 2.904 40.000 296.296 0.000 0.010 0.150 13.625
0.184 3.333 42.963 296.296 0.000 0.010 0.184 13.625
0.222 3.793 45.926 296.296 0.000 0.010 0.222 13.625
0.264 4.281 48.889 296.296 0.000 0.010 0.264 13.625
0.312 4.800 51.852 296.296 0.000 0.010 0.312 13.625
0.366 5.348 54.815 296.296 0.000 0.010 0.366 13.625
0.425 5.926 57.778 296.296 0.000 0.010 0.425 13.625
0.491 6.533 60.741 296.296 0.000 0.010 0.491 13.625
0.562 7.170 63.704 296.296 0.000 0.010 0.562 13.625
0.641 7.837 66.667 296.296 0.000 0.010 0.641 13.625
0.726 8.533 69.630 296.296 0.000 0.010 0.726 13.625
0.819 9.259 72.593 296.296 0.000 0.010 0.819 13.625
0.919 10.015 75.556 296.296 0.000 0.010 0.919 13.625
1.027 10.800 78.519 296.296 0.000 0.010 1.027 13.625
1.143 11.600 80.000 148.148 0.000 0.010 1.143 13.625
1.267 12.400 80.000 0.000 0.000 0.010 1.267 13.625
1.399 13.200 80.000 -0.000 0.000 0.010 1.399 13.625
1.539 13.985 78.519 -148.148 0.000 0.010 1.539 13.625
1.686 14.741 75.556 -296.296 0.000 0.010 1.686 13.625
1.841 15.467 72.593 -296.296 0.000 0.010 1.841 13.625
2.002 16.163 69.630 -296.296 0.000 0.010 2.002 13.625
2.171 16.830 66.667 -296.296 0.000 0.010 2.171 13.625
2.345 17.467 63.704 -296.296 0.000 0.010 2.345 13.625
2.526 18.074 60.741 -296.296 0.000 0.010 2.526 13.625
2.712 18.652 57.778 -296.296 0.000 0.010 2.712 13.625
2.904 19.200 54.815 -296.296 0.000 0.010 2.904 13.625
3.102 19.719 51.852 -296.296 0.000 0.010 3.102 13.625
3.304 20.207 48.889 -296.296 0.000 0.010 3.304 13.625
3.510 20.667 45.926 -296.296 0.000 0.010 3.510 13.625
3.721 21.096 42.963 -296.296 0.000 0.010 3.721 13.625
3.936 21.496 40.000 -296.296 0.000 0.010 3.936 13.625
4.155 21.867 37.037 -296.296 0.000 0.010 4.155 13.625
4.377 22.207 34.074 -296.296 0.000 0.010 4.377 13.625
4.602 22.519 31.111 -296.296 0.000 0.010 4.602 13.625
4.830 22.800 28.148 -296.296 0.000 0.010 4.830 13.625
5.061 23.052 25.185 -296.296 0.000 0.010 5.061 13.625
5.293 23.274 22.222 -296.296 0.000 0.010 5.293 13.625
5.528 23.467 19.259 -296.296 0.000 0.010 5.528 13.625
5.764 23.630 16.296 -296.296 0.000 0.010 5.764 13.625
6.002 23.763 13.333 -296.296 0.000 0.010 6.002 13.625
6.241 23.867 10.370 -296.296 0.000 0.010 6.241 13.625
6.480 23.941 7.407 -296.296 0.000 0.010 6.480 13.625
6.720 23.985 4.444 -296.296 0.000 0.010 6.720 13.625
6.960 24.000 1.481 -296.296 0.000 0.010 6.960 13.625
7.200 24.000 -0.000 -148.148 0.000 0.010 7.200 13.625
7.440 24.000 0.000 0.000 0.000 0.010 7.440 13.625
7.680 24.000 0.000 0.000 0.000 0.010 7.680 13.625
7.920 24.000 -0.000 -0.000 0.000 0.010 7.920 13.625
8.160 24.000 0.000 0.000 0.000 0.010 8.160 13.625
8.400 24.000 0.000 0.000 0.000 0.010 8.400 13.625
8.640 24.000 -0.000 -0.000 0.000 0.010 8.640 13.625
8.880 24.000 -0.000 -0.000 0.000 0.010 8.880 13.625
9.120 24.000 -0.000 -0.000 0.000 0.010 9.120 13.625
9.360 24.000 0.000 0.000 0.000 0.010 9.360 13.625
9.600 24.000 -0.000 -0.000 0.000 0.010 9.600 13.625
9.840 24.000 -0.000 0.000 0.000 0.010 9.840 13.625
10.080 24.000 0.000 0.000 0.000 0.010 10.080 13.625
10.320 24.000 -0.000 -0.000 0.000 0.010 10.320 13.625
10.560 24.000 0.000 0.000 0.000 0.010 10.560 13.625
10.800 24.000 0.000 -0.000 0.000 0.010 10.800 13.625
11.040 24.000 -0.000 -0.000 0.000 0.010 11.040 13.625
11.280 24.000 0.000 0.000 0.000 0.010 11.280 13.625
11.520 24.000 -0.000 -0.000 0.000 0.010 11.520 13.625
11.760 24.000 0.000 0.000 0.000 0.010 11.760 13.625
12.000 24.000 -0.000 -0.000 0.000 0.010 12.000 13.625
12.240 24.000 -0.000 0.000 0.000 0.010 12.240 13.625
12.480 24.000 0.000 0.000 0.000 0.010 12.480 13.625
12.720 24.000 0.000 0.000 0.000 0.010 12.720 13.625
12.960 24.000 -0.000 -0.000 0.000 0.010 12.960 13.625
13.200 24.000 0.000 0.000 0.000 0.010 13.200 13.625
13.440 24.000 -0.000 -0.000 0.000 0.010 13.440 13.625
13.680 24.000 0.000 0.000 0.000 0.010 13.680 13.625
13.920 24.000 0.000 0.000 0.000 0.010 13.920 13.625
14.160 24.000 -0.000 -0.000 0.000 0.010 14.160 13.625
14.400 24.000 0.000 0.000 0.000 0.010 14.400 13.625
14.640 24.000 -0.000 -0.000 0.000 0.010 14.640 13.625
14.880 24.000 0.000 0.000 0.000 0.010 14.880 13.625
15.120 24.000 0.000 0.000 0.000 0.010 15.120 13.625
15.360 24.000 -0.000 -0.000 0.000 0.010 15.360 13.625
15.600 24.000 0.000 0.000 0.000 0.010 15.600 13.625
15.840 24.000 -0.000 -0.000 0.000 0.010 15.840 13.625
16.080 24.000 -0.000 0.000 0.000 0.010 16.080 13.625
16.320 24.000 0.000 0.000 0.000 0.010 16.320 13.625
16.560 24.000 0.000 -0.000 0.000 0.010 16.560 13.625
16.800 24.000 -0.000 -0.000 0.000 0.010 16.800 13.625
17.040 24.000 0.000 0.000 0.000 0.010 17.040 13.625
17.280 24.000 0.000 0.000 0.000 0.010 17.280 13.625
17.520 24.000 -0.000 -0.000 0.000 0.010 17.520 13.625
17.760 24.000 0.000 0.000 0.000 0.010 17.760 13.625
18.000 24.000 0.000 0.000 0.000 0.010 18.000 13.625
18.240 24.000 0.000 0.000 0.000 0.010 18.240 13.625
18.480 24.000 -0.000 -0.000 0.000 0.010 18.480 13.625
18.720 24.000 0.000 0.000 0.000 0.010 18.720 13.625
18.960 24.000 0.000 -0.000 0.000 0.010 18.960 13.625
19.200 24.000 -0.000 -0.000 0.000 0.010 19.200 13.625
19.440 24.000 0.000 0.000 0.000 0.010 19.440 13.625
19.680 24.000 0.000 0.000 0.000 0.010 19.680 13.625
19.920 24.000 0.000 0.000 0.000 0.010 19.920 13.625
20.160 24.000 -0.000 -0.000 0.000 0.010 20.160 13.625
20.400 24.000 0.000 0.000 0.000 0.010 20.400 13.625
20.640 24.000 0.000 0.000 0.000 0.010 20.640 13.625
20.880 24.000 0.000 -0.000 0.000 0.010 20.880 13.625
21.120 24.000 -0.000 -0.000 0.000 0.010 21.120 13.625
21.360 24.000 0.000 0.000 0.000 0.010 21.360 13.625
21.600 24.000 0.000 0.000 0.000 0.010 21.600 13.625
21.840 24.000 0.000 -0.000 0.000 0.010 21.840 13.625
22.080 24.000 -0.000 -0.000 0.000 0.010 22.080 13.625
22.320 24.000 0.000 0.000 0.000 0.010 22.320 13.625
22.560 24.000 0.000 0.000 0.000 0.010 22.560 13.625
22.800 24.000 0.000 0.000 0.000 0.010 22.800 13.625
23.040 24.000 -0.000 -0.000 0.000 0.010 23.040 13.625
23.280 24.000 0.000 0.000 0.000 0.010 23.280 13.625
23.520 24.000 0.000 0.000 0.000 0.010 23.520 13.625
23.760 24.000 0.000 0.000 0.000 0.010 23.760 13.625
24.000 24.000 -0.000 -0.000 0.000 0.010 24.000 13.625
24.240 24.000 0.000 0.000 0.000 0.010 24.240 13.625
24.480 24.000 0.000 0.000 0.000 0.010 24.480 13.625
24.720 24.000 0.000 -0.000 0.000 0.010 24.720 13.625
24.960 24.000 -0.000 -0.000 0.000 0.010 24.960 13.625
25.200 24.000 0.000 0.000 0.000 0.010 25.200 13.625
25.440 24.000 -0.000 -0.000 0.000 0.010 25.440 13.625
25.680 24.000 0.000 0.000 0.000 0.010 25.680 13.625
25.920 24.000 -0.000 -0.000 0.000 0.010 25.920 13.625
26.160 24.000 0.000 0.000 0.000 0.010 26.160 13.625
26.400 24.000 0.000 0.000 0.000 0.010 26.400 13.625
26.640 24.000 0.000 0.000 0.000 0.010 26.640 13.625
26.880 24.000 -0.000 -0.000 0.000 0.010 26.880 13.625
27.120 24.000 0.000 0.000 0.000 0.010 27.120 13.625
27.360 24.000 0.000 0.000 0.000 0.010 27.360 13.625
27.600 24.000 0.000 -0.000 0.000 0.010 27.600 13.625
27.840 24.000 0.000 0.000 0.000 0.010 27.840 13.625
28.080 24.000 -0.000 -0.000 0.000 0.010 28.080 13.625
28.320 24.000 0.000 0.000 0.000 0.010 28.320 13.625
28.560 24.000 0.000 0.000 0.000 0.010 28.560 13.625
28.800 24.000 -0.000 -0.000 0.000 0.010 28.800 13.625
29.040 24.000 0.000 0.000 0.000 0.010 29.040 13.625
29.280 24.000 0.000 0.000 0.000 0.010 29.280 13.625
29.520 24.000 0.000 0.000 0.000 0.010 29.520 13.625
29.760 24.000 -0.000 -0.000 0.000 0.010 29.760 13.625
30.000 24.000 0.000 0.000 0.000 0.010 30.000 13.625
30.240 24.000 -0.000 -0.000 0.000 0.010 30.240 13.625
30.480 24.000 -0.000 0.000 0.000 0.010 30.480 13.625
30.720 24.000 0.000 0.000 0.000 0.010 30.720 13.625
30.960 24.000 0.000 0.000 0.000 0.010 30.960 13.625
31.200 24.000 0.000 0.000 0.000 0.010 31.200 13.625
31.440 24.000 -0.000 -0.000 0.000 0.010 31.440 13.625
31.680 24.000 0.000 0.000 0.000 0.010 31.680 13.625
31.920 24.000 0.000 0.000 0.000 0.010 31.920 13.625
32.160 24.000 0.000 0.000 0.000 0.010 32.160 13.625
32.400 24.000 0.000 -0.000 0.000 0.010 32.400 13.625
32.640 24.000 -0.000 -0.000 0.000 0.010 32.640 13.625
32.880 24.000 0.000 0.000 0.000 0.010 32.880 13.625
33.120 24.000 0.000 0.000 0.000 0.010 33.120 13.625
33.360 24.000 0.000 0.000 0.000 0.010 33.360 13.625
33.600 24.000 0.000 0.000 0.000 0.010 33.600 13.625
33.840 24.000 0.000 0.000 0.000 0.010 33.840 13.625
34.080 24.000 -0.000 -0.000 0.000 0.010 34.080 13.625
34.320 24.000 0.000 0.000 0.000 0.010 34.320 13.625
34.560 24.000 0.000 0.000 0.000 0.010 34.560 13.625
34.800 24.000 0.000 0.000 0.000 0.010 34.800 13.625
35.040 24.000 0.000 0.000 0.000 0.010 35.040 13.625
35.280 24.000 -0.000 -0.000 0.000 0.010 35.280 13.625
35.520 24.000 0.000 0.000 0.000 0.010 35.520 13.625
35.760 24.000 0.000 0.000 0.000 0.010 35.760 13.625
36.000 24.000 0.000 -0.000 0.000 0.010 36.000 13.625
36.240 24.000 -0.000 -0.000 0.000 0.010 36.240 13.625
36.480 24.000 0.000 0.000 0.000 0.010 36.480 13.625
36.720 24.000 0.000 -0.000 0.000 0.010 36.720 13.625
36.960 24.000 -0.000 -0.000 0.000 0.010 36.960 13.625
37.200 24.000 0.000 0.000 0.000 0.010 37.200 13.625
37.440 24.000 0.000 -0.000 0.000 0.010 37.440 13.625
37.680 24.000 -0.000 -0.000 0.000 0.010 37.680 13.625
37.920 24.000 0.000 0.000 0.000 0.010 37.920 13.625
38.160 24.000 0.000 -0.000 0.000 0.010 38.160 13.625
38.400 24.000 0.000 0.000 0.000 0.010 38.400 13.625
38.640 24.000 -0.000 -0.000 0.000 0.010 38.640 13.625
38.880 24.000 0.000 0.000 0.000 0.010 38.880 13.625
39.120 24.000 -0.000 -0.000 0.000 0.010 39.120 13.625
39.360 24.000 0.000 0.000 0.000 0.010 39.360 13.625
39.600 24.000 -0.000 -0.000 0.000 0.010 39.600 13.625
39.840 24.000 0.000 0.000 0.000 0.010 39.840 13.625
40.080 24.000 -0.000 -0.000 0.000 0.010 40.080 13.625
40.320 24.000 0.000 0.000 0.000 0.010 40.320 13.625
40.560 24.000 -0.000 -0.000 0.000 0.010 40.560 13.625
40.800 24.000 0.000 0.000 0.000 0.010 40.800 13.625
41.040 24.000 -0.000 -0.000 0.000 0.010 41.040 13.625
41.280 24.000 -0.000 0.000 0.000 0.010 41.280 13.625
41.520 24.000 0.000 0.000 0.000 0.010 41.520 13.625
41.760 24.000 0.000 -0.000 0.000 0.010 41.760 13.625
42.000 24.000 -0.000 -0.000 0.000 0.010 42.000 13.625
42.240 24.000 0.000 0.000 0.000 0.010 42.240 13.625
42.480 24.000 0.000 -0.000 0.000 0.010 42.480 13.625
42.720 24.000 0.000 0.000 0.000 0.010 42.720 13.625
42.960 24.000 -0.000 -0.000 0.000 0.010 42.960 13.625
43.200 24.000 0.000 0.000 0.000 0.010 43.200 13.625
43.440 24.000 -0.000 -0.000 0.000 0.010 43.440 13.625
43.680 24.000 0.000 0.000 0.000 0.010 43.680 13.625
43.920 24.000 0.000 -0.000 0.000 0.010 43.920 13.625
44.160 24.000 -0.000 -0.000 0.000 0.010 44.160 13.625
44.400 24.000 0.000 0.000 0.000 0.010 44.400 13.625
44.640 24.000 0.000 -0.000 0.000 0.010 44.640 13.625
44.880 24.000 -0.000 -0.000 0.000 0.010 44.880 13.625
45.120 24.000 0.000 0.000 0.000 0.010 45.120 13.625
45.360 24.000 0.000 -0.000 0.000 0.010 45.360 13.625
45.600 24.000 0.000 0.000 0.000 0.010 45.600 13.625
45.840 24.000 -0.000 -0.000 0.000 0.010 45.840 13.625
46.080 24.000 0.000 0.000 0.000 0.010 46.080 13.625
46.320 24.000 -0.000 -0.000 0.000 0.010 46.320 13.625
46.560 24.000 0.000 0.000 0.000 0.010 46.560 13.625
46.800 24.000 -0.000 -0.000 0.000 0.010 46.800 13.625
47.040 24.000 0.000 0.000 0.000 0.010 47.040 13.625
47.280 24.000 -0.000 -0.000 0.000 0.010 47.280 13.625
47.520 24.000 0.000 0.000 0.000 0.010 47.520 13.625
47.760 24.000 -0.000 -0.000 0.000 0.010 47.760 13.625
48.000 24.000 0.000 0.000 0.000 0.010 48.000 13.625
48.240 24.000 -0.000 -0.000 0.000 0.010 48.240 13.625
48.480 24.000 0.000 0.000 0.000 0.010 48.480 13.625
48.720 24.000 0.000 -0.000 0.000 0.010 48.720 13.625
48.960 24.000 -0.000 -0.000 0.000 0.010 48.960 13.625
49.200 24.000 0.000 0.000 0.000 0.010 49.200 13.625
49.440 24.000 0.000 -0.000 0.000 0.010 49.440 13.625
49.680 24.000 -0.000 -0.000 0.000 0.010 49.680 13.625
49.920 24.000 0.000 0.000 0.000 0.010 49.920 13.625
50.160 24.000 0.000 -0.000 0.000 0.010 50.160 13.625
50.400 24.000 0.000 0.000 0.000 0.010 50.400 13.625
50.640 24.000 -0.000 -0.000 0.000 0.010 50.640 13.625
50.880 24.000 0.000 0.000 0.000 0.010 50.880 13.625
51.120 24.000 -0.000 -0.000 0.000 0.010 51.120 13.625
51.360 24.000 0.000 0.000 0.000 0.010 51.360 13.625
51.600 24.000 0.000 -0.000 0.000 0.010 51.600 13.625
51.840 24.000 -0.000 -0.000 0.000 0.010 51.840 13.625
52.080 24.000 0.000 0.000 0.000 0.010 52.080 13.625
52.320 24.000 -0.000 -0.000 0.000 0.010 52.320 13.625
52.560 24.000 0.000 0.000 0.000 0.010 52.560 13.625
52.800 24.000 0.000 -0.000 0.000 0.010 52.800 13.625
53.040 24.000 0.000 0.000 0.000 0.010 53.040 13.625
53.280 24.000 -0.000 -0.000 0.000 0.010 53.280 13.625
53.520 24.000 0.000 0.000 0.000 0.010 53.520 13.625
53.760 24.000 0.000 -0.000 0.000 0.010 53.760 13.625
54.000 24.000 -0.000 -0.000 0.000 0.010 54.000 13.625
54.240 24.000 0.000 0.000 0.000 0.010 54.240 13.625
54.480 24.000 0.000 -0.000 0.000 0.010 54.480 13.625
54.720 24.000 -0.000 -0.000 0.000 0.010 54.720 13.625
54.960 24.000 0.000 0.000 0.000 0.010 54.960 13.625
55.200 24.000 0.000 -0.000 0.000 0.010 55.200 13.625
55.440 24.000 0.000 0.000 0.000 0.010 55.440 13.625
55.680 24.000 -0.000 -0.000 0.000 0.010 55.680 13.625
55.920 24.000 0.000 0.000 0.000 0.010 55.920 13.625
56.160 24.000 -0.000 -0.000 0.000 0.010 56.160 13.625
56.400 24.000 0.000 0.000 0.000 0.010 56.400 13.625
56.640 24.000 -0.000 -0.000 0.000 0.010 56.640 13.625
56.880 24.000 0.000 0.000 0.000 0.010 56.880 13.625
57.120 24.000 -0.000 -0.000 0.000 0.010 57.120 13.625
57.360 24.000 0.000 0.000 0.000 0.010 57.360 13.625
57.600 24.000 -0.000 -0.000 0.000 0.010 57.600 13.625
57.840 24.000 0.000 0.000 0.000 0.010 57.840 13.625
58.080 24.000 0.000 -0.000 0.000 0.010 58.080 13.625
58.320 24.000 -0.000 -0.000 0.000 0.010 58.320 13.625
58.560 24.000 0.000 0.000 0.000 0.010 58.560 13.625
58.800 24.000 0.000 -0.000 0.000 0.010 58.800 13.625
59.040 24.000 -0.000 -0.000 0.000 0.010 59.040 13.625
59.280 24.000 0.000 0.000 0.000 0.010 59.280 13.625
59.520 24.000 0.000 -0.000 0.000 0.010 59.520 13.625
59.760 24.000 0.000 0.000 0.000 0.010 59.760 13.625
60.000 24.000 0.000 0.000 0.000 0.010 60.000 13.625
60.240 24.000 0.000 0.000 0.000 0.010 60.240 13.625
60.480 24.000 -0.000 -0.000 0.000 0.010 60.480 13.625
60.720 24.000 0.000 0.000 0.000 0.010 60.720 13.625
60.960 24.000 0.000 -0.000 0.000 0.010 60.960 13.625
61.200 24.000 -0.000 -0.000 0.000 0.010 61.200 13.625
61.440 24.000 0.000 0.000 0.000 0.010 61.440 13.625
61.680 24.000 0.000 -0.000 0.000 0.010 61.680 13.625
61.920 24.000 -0.000 -0.000 0.000 0.010 61.920 13.625
62.160 24.000 0.000 0.000 0.000 0.010 62.160 13.625
62.400 24.000 0.000 -0.000 0.000 0.010 62.400 13.625
62.640 24.000 0.000 0.000 0.000 0.010 62.640 13.625
62.880 24.000 -0.000 -0.000 0.000 0.010 62.880 13.625
63.120 24.000 0.000 0.000 0.000 0.010 63.120 13.625
63.360 24.000 -0.000 -0.000 0.000 0.010 63.360 13.625
63.600 24.000 0.000 0.000 0.000 0.010 63.600 13.625
63.840 24.000 -0.000 -0.000 0.000 0.010 63.840 13.625
64.080 24.000 0.000 0.000 0.000 0.010 64.080 13.625
64.320 23.998 -0.247 -24.691 0.000 0.010 64.320 13.625
64.560 23.978 -1.975 -172.840 0.000 0.010 64.560 13.625
64.799 23.928 -4.938 -296.296 0.000 0.010 64.799 13.625
65.038 23.849 -7.901 -296.296 0.000 0.010 65.038 13.625
65.275 23.741 -10.864 -296.296 0.000 0.010 65.275 13.625
65.511 23.602 -13.827 -296.296 0.000 0.010 65.511 13.625
65.745 23.435 -16.790 -296.296 0.000 0.010 65.745 13.625
65.978 23.237 -19.753 -296.296 0.000 0.010 65.978 13.625
66.208 23.010 -22.716 -296.296 0.000 0.010 66.208 13.625
66.435 22.753 -25.679 -296.296 0.000 0.010 66.435 13.625
66.660 22.467 -28.642 -296.296 0.000 0.010 66.660 13.625
66.881 22.151 -31.605 -296.296 0.000 0.010 66.881 13.625
67.100 21.805 -34.568 -296.296 0.000 0.010 67.100 13.625
67.314 21.430 -37.531 -296.296 0.000 0.010 67.314 13.625
67.524 21.025 -40.494 -296.296 0.000 0.010 67.524 13.625
67.730 20.590 -43.457 -296.296 0.000 0.010 67.730 13.625
67.931 20.126 -46.420 -296.296 0.000 0.010 67.931 13.625
68.128 19.632 -49.383 -296.296 0.000 0.010 68.128 13.625
68.319 19.109 -52.346 -296.296 0.000 0.010 68.319 13.625
68.504 18.556 -55.309 -296.296 0.000 0.010 68.504 13.625
68.684 17.973 -58.272 -296.296 0.000 0.010 68.684 13.625
68.858 17.360 -61.235 -296.296 0.000 0.010 68.858 13.625
69.025 16.719 -64.198 -296.296 0.000 0.010 69.025 13.625
69.185 16.047 -67.160 -296.296 0.000 0.010 69.185 13.625
69.339 15.346 -70.123 -296.296 0.000 0.010 69.339 13.625
69.485 14.615 -73.086 -296.296 0.000 0.010 69.485 13.625
69.623 13.854 -76.049 -296.296 0.000 0.010 69.623 13.625
69.754 13.067 -78.765 -271.605 0.000 0.010 69.754 13.625
69.877 12.267 -80.000 -123.457 0.000 0.010 69.877 13.625
69.991 11.467 -80.000 0.000 0.000 0.010 69.991 13.625
70.098 10.669 -79.753 24.691 0.000 0.010 70.098 13.625
70.197 9.889 -78.025 172.840 0.000 0.010 70.197 13.625
70.288 9.138 -75.062 296.296 0.000 0.010 70.288 13.625
70.372 8.417 -72.099 296.296 0.000 0.010 70.372 13.625
70.450 7.726 -69.136 296.296 0.000 0.010 70.450 13.625
70.520 7.064 -66.173 296.296 0.000 0.010 70.520 13.625
70.585 6.432 -63.210 296.296 0.000 0.010 70.585 13.625
70.643 5.830 -60.247 296.296 0.000 0.010 70.643 13.625
70.696 5.257 -57.284 296.296 0.000 0.010 70.696 13.625
70.743 4.714 -54.321 296.296 0.000 0.010 70.743 13.625
70.785 4.200 -51.358 296.296 0.000 0.010 70.785 13.625
70.822 3.716 -48.395 296.296 0.000 0.010 70.822 13.625
70.854 3.262 -45.432 296.296 0.000 0.010 70.854 13.625
70.883 2.837 -42.469 296.296 0.000 0.010 70.883 13.625
70.907 2.442 -39.506 296.296 0.000 0.010 70.907 13.625
70.928 2.077 -36.543 296.296 0.000 0.010 70.928 13.625
70.945 1.741 -33.580 296.296 0.000 0.010 70.945 13.625
70.960 1.435 -30.617 296.296 0.000 0.010 70.960 13.625
70.971 1.158 -27.654 296.296 0.000 0.010 70.971 13.625
70.980 0.911 -24.691 296.296 0.000 0.010 70.980 13.625
70.987 0.694 -21.728 296.296 0.000 0.010 70.987 13.625
70.992 0.506 -18.765 296.296 0.000 0.010 70.992 13.625
70.996 0.348 -15.802 296.296 0.000 0.010 70.996 13.625
70.998 0.220 -12.840 296.296 0.000 0.010 70.998 13.625
70.999 0.121 -9.877 296.296 0.000 0.010 70.999 13.625
71.000 0.052 -6.914 296.296 0.000 0.010 71.000 13.625
71.000 0.012 -3.951 296.296 0.000 0.010 71.000 13.625
71.000 0.000 -1.235 271.605 0.000 0.010 71.000 13.625
0.000 0.030 2.963 296.296 0.000 0.010 0.000 -13.625
0.001 0.059 2.963 -0.000 0.000 0.010 0.001 -13.625
0.002 0.133 7.407 444.444 0.000 0.010 0.002 -13.625
0.004 0.237 10.370 296.296 0.000 0.010 0.004 -13.625
0.008 0.370 13.333 296.296 0.000 0.010 0.008 -13.625
0.013 0.533 16.296 296.296 0.000 0.010 0.013 -13.625
0.021 0.726 19.259 296.296 0.000 0.010 0.021 -13.625
0.030 0.948 22.222 296.296 0.000 0.010 0.030 -13.625
0.042 1.200 25.185 296.296 0.000 0.010 0.042 -13.625
0.057 1.481 28.148 296.296 0.000 0.010 0.057 -13.625
0.075 1.793 31.111 296.296 0.000 0.010 0.075 -13.625
0.096 2.133 34.074 296.296 0.000 0.010 0.096 -13.625
0.121 2.504 37.037 296.296 0.000 0.010 0.121 -13.625
0.150 2.904 40.000 296.296 0.000 0.010 0.150 -13.625
0.184 3.333 42.963 296.296 0.000 0.010 0.184 -13.625
0.222 3.793 45.926 296.296 0.000 0.010 0.222 -13.625
0.264 4.281 48.889 296.296 0.000 0.010 0.264 -13.625
0.312 4.800 51.852 296.296 0.000 0.010 0.312 -13.625
0.366 5.348 54.815 296.296 0.000 0.010 0.366 -13.625
0.425 5.926 57.778 296.296 0.000 0.010 0.425 -13.625
0.491 6.533 60.741 296.296 0.000 0.010 0.491 -13.625
0.562 7.170 63.704 296.296 0.000 0.010 0.562 -13.625
0.641 7.837 66.667 296.296 0.000 0.010 0.641 -13.625
0.726 8.533 69.630 296.296 0.000 0.010 0.726 -13.625
0.819 9.259 72.593 296.296 0.000 0.010 0.819 -13.625
0.919 10.015 75.556 296.296 0.000 0.010 0.919 -13.625
1.027 10.800 78.519 296.296 0.000 0.010 1.027 -13.625
1.143 11.600 80.000 148.148 0.000 0.010 1.143 -13.625
1.267 12.400 80.000 0.000 0.000 0.010 1.267 -13.625
1.399 13.200 80.000 -0.000 0.000 0.010 1.399 -13.625
1.539 13.985 78.519 -148.148 0.000 0.010 1.539 -13.625
1.686 14.741 75.556 -296.296 0.000 0.010 1.686 -13.625
1.841 15.467 72.593 -296.296 0.000 0.010 1.841 -13.625
2.002 16.163 69.630 -296.296 0.000 0.010 2.002 -13.625
2.171 16.830 66.667 -296.296 0.000 0.010 2.171 -13.625
2.345 17.467 63.704 -296.296 0.000 0.010 2.345 -13.625
2.526 18.074 60.741 -296.296 0.000 0.010 2.526 -13.625
2.712 18.652 57.778 -296.296 0.000 0.010 2.712 -13.625
2.904 19.200 54.815 -296.296 0.000 0.010 2.904 -13.625
3.102 19.719 51.852 -296.296 0.000 0.010 3.102 -13.625
3.304 20.207 48.889 -296.296 0.000 0.010 3.304 -13.625
3.510 20.667 45.926 -296.296 0.000 0.010 3.510 -13.625
3.721 21.096 42.963 -296.296 0.000 0.010 3.721 -13.625
3.936 21.496 40.000 -296.296 0.000 0.010 3.936 -13.625
4.155 21.867 37.037 -296.296 0.000 0.010 4.155 -13.625
4.377 22.207 34.074 -296.296 0.000 0.010 4.377 -13.625
4.602 22.519 31.111 -296.296 0.000 0.010 4.602 -13.625
4.830 22.800 28.148 -296.296 0.000 0.010 4.830 -13.625
5.061 23.052 25.185 -296.296 0.000 0.010 5.061 -13.625
5.293 23.274 22.222 -296.296 0.000 0.010 5.293 -13.625
5.528 23.467 19.259 -296.296 0.000 0.010 5.528 -13.625
5.764 23.630 16.296 -296.296 0.000 0.010 5.764 -13.625
6.002 23.763 13.333 -296.296 0.000 0.010 6.002 -13.625
6.241 23.867 10.370 -296.296 0.000 0.010 6.241 -13.625
6.480 23.941 7.407 -296.296 0.000 0.010 6.480 -13.625
6.720 23.985 4.444 -296.296 0.000 0.010 6.720 -13.625
6.960 24.000 1.481 -296.296 0.000 0.010 6.960 -13.625
7.200 24.000 -0.000 -148.148 0.000 0.010 7.200 -13.625
7.440 24.000 0.000 0.000 0.000 0.010 7.440 -13.625
7.680 24.000 0.000 0.000 0.000 0.010 7.680 -13.625
7.920 24.000 -0.000 -0.000 0.000 0.010 7.920 -13.625
8.160 24.000 0.000 0.000 0.000 0.010 8.160 -13.625
8.400 24.000 0.000 0.000 0.000 0.010 8.400 -13.625
8.640 24.000 -0.000 -0.000 0.000 0.010 8.640 -13.625
8.880 24.000 -0.000 -0.000 0.000 0.010 8.880 -13.625
9.120 24.000 -0.000 -0.000 0.000 0.010 9.120 -13.625
9.360 24.000 0.000 0.000 0.000 0.010 9.360 -13.625
9.600 24.000 -0.000 -0.000 0.000 0.010 9.600 -13.625
9.840 24.000 -0.000 0.000 0.000 0.010 9.840 -13.625
10.080 24.000 0.000 0.000 0.000 0.010 10.080 -13.625
10.320 24.000 -0.000 -0.000 0.000 0.010 10.320 -13.625
10.560 24.000 0.000 0.000 0.000 0.010 10.560 -13.625
10.800 24.000 0.000 -0.000 0.000 0.010 10.800 -13.625
11.040 24.000 -0.000 -0.000 0.000 0.010 11.040 -13.625
11.280 24.000 0.000 0.000 0.000 0.010 11.280 -13.625
11.520 24.000 -0.000 -0.000 0.000 0.010 11.520 -13.625
11.760 24.000 0.000 0.000 0.000 0.010 11.760 -13.625
12.000 24.000 -0.000 -0.000 0.000 0.010 12.000 -13.625
12.240 24.000 -0.000 0.000 0.000 0.010 12.240 -13.625
12.480 24.000 0.000 0.000 0.000 0.010 12.480 -13.625
12.720 24.000 0.000 0.000 0.000 0.010 12.720 -13.625
12.960 24.000 -0.000 -0.000 0.000 0.010 12.960 -13.625
13.200 24.000 0.000 0.000 0.000 0.010 13.200 -13.625
13.440 24.000 -0.000 -0.000 0.000 0.010 13.440 -13.625
13.680 24.000 0.000 0.000 0.000 0.010 13.680 -13.625
13.920 24.000 0.000 0.000 0.000 0.010 13.920 -13.625
14.160 24.000 -0.000 -0.000 0.000 0.010 14.160 -13.625
14.400 24.000 0.000 0.000 0.000 0.010 14.400 -13.625
14.640 24.000 -0.000 -0.000 0.000 0.010 14.640 -13.625
14.880 24.000 0.000 0.000 0.000 0.010 14.880 -13.625
15.120 24.000 0.000 0.000 0.000 0.010 15.120 -13.625
15.360 24.000 -0.000 -0.000 0.000 0.010 15.360 -13.625
15.600 24.000 0.000 0.000 0.000 0.010 15.600 -13.625
15.840 24.000 -0.000 -0.000 0.000 0.010 15.840 -13.625
16.080 24.000 -0.000 0.000 0.000 0.010 16.080 -13.625
16.320 24.000 0.000 0.000 0.000 0.010 16.320 -13.625
16.560 24.000 0.000 -0.000 0.000 0.010 16.560 -13.625
16.800 24.000 -0.000 -0.000 0.000 0.010 16.800 -13.625
17.040 24.000 0.000 0.000 0.000 0.010 17.040 -13.625
17.280 24.000 0.000 0.000 0.000 0.010 17.280 -13.625
17.520 24.000 -0.000 -0.000 0.000 0.010 17.520 -13.625
17.760 24.000 0.000 0.000 0.000 0.010 17.760 -13.625
18.000 24.000 0.000 0.000 0.000 0.010 18.000 -13.625
18.240 24.000 0.000 0.000 0.000 0.010 18.240 -13.625
18.480 24.000 -0.000 -0.000 0.000 0.010 18.480 -13.625
18.720 24.000 0.000 0.000 0.000 0.010 18.720 -13.625
18.960 24.000 0.000 -0.000 0.000 0.010 18.960 -13.625
19.200 24.000 -0.000 -0.000 0.000 0.010 19.200 -13.625
19.440 24.000 0.000 0.000 0.000 0.010 19.440 -13.625
19.680 24.000 0.000 0.000 0.000 0.010 19.680 -13.625
19.920 24.000 0.000 0.000 0.000 0.010 19.920 -13.625
20.160 24.000 -0.000 -0.000 0.000 0.010 20.160 -13.625
20.400 24.000 0.000 0.000 0.000 0.010 20.400 -13.625
20.640 24.000 0.000 0.000 0.000 0.010 20.640 -13.625
20.880 24.000 0.000 -0.000 0.000 0.010 20.880 -13.625
21.120 24.000 -0.000 -0.000 0.000 0.010 21.120 -13.625
21.360 24.000 0.000 0.000 0.000 0.010 21.360 -13.625
21.600 24.000 0.000 0.000 0.000 0.010 21.600 -13.625
21.840 24.000 0.000 -0.000 0.000 0.010 21.840 -13.625
22.080 24.000 -0.000 -0.000 0.000 0.010 22.080 -13.625
22.320 24.000 0.000 0.000 0.000 0.010 22.320 -13.625
22.560 24.000 0.000 0.000 0.000 0.010 22.560 -13.625
22.800 24.000 0.000 0.000 0.000 0.010 22.800 -13.625
23.040 24.000 -0.000 -0.000 0.000 0.010 23.040 -13.625
23.280 24.000 0.000 0.000 0.000 0.010 23.280 -13.625
23.520 24.000 0.000 0.000 0.000 0.010 23.520 -13.625
23.760 24.000 0.000 0.000 0.000 0.010 23.760 -13.625
24.000 24.000 -0.000 -0.000 0.000 0.010 24.000 -13.625
24.240 24.000 0.000 0.000 0.000 0.010 24.240 -13.625
24.480 24.000 0.000 0.000 0.000 0.010 24.480 -13.625
24.720 24.000 0.000 -0.000 0.000 0.010 24.720 -13.625
24.960 24.000 -0.000 -0.000 0.000 0.010 24.960 -13.625
25.200 24.000 0.000 0.000 0.000 0.010 25.200 -13.625
25.440 24.000 -0.000 -0.000 0.000 0.010 25.440 -13.625
25.680 24.000 0.000 0.000 0.000 0.010 25.680 -13.625
25.920 24.000 -0.000 -0.000 0.000 0.010 25.920 -13.625
26.160 24.000 0.000 0.000 0.000 0.010 26.160 -13.625
26.400 24.000 0.000 0.000 0.000 0.010 26.400 -13.625
26.640 24.000 0.000 0.000 0.000 0.010 26.640 -13.625
26.880 24.000 -0.000 -0.000 0.000 0.010 26.880 -13.625
27.120 24.000 0.000 0.000 0.000 0.010 27.120 -13.625
27.360 24.000 0.000 0.000 0.000 0.010 27.360 -13.625
27.600 24.000 0.000 -0.000 0.000 0.010 27.600 -13.625
27.840 24.000 0.000 0.000 0.000 0.010 27.840 -13.625
28.080 24.000 -0.000 -0.000 0.000 0.010 28.080 -13.625
28.320 24.000 0.000 0.000 0.000 0.010 28.320 -13.625
28.560 24.000 0.000 0.000 0.000 0.010 28.560 -13.625
28.800 24.000 -0.000 -0.000 0.000 0.010 28.800 -13.625
29.040 24.000 0.000 0.000 0.000 0.010 29.040 -13.625
29.280 24.000 0.000 0.000 0.000 0.010 29.280 -13.625
29.520 24.000 0.000 0.000 0.000 0.010 29.520 -13.625
29.760 24.000 -0.000 -0.000 0.000 0.010 29.760 -13.625
30.000 24.000 0.000 0.000 0.000 0.010 30.000 -13.625
30.240 24.000 -0.000 -0.000 0.000 0.010 30.240 -13.625
30.480 24.000 -0.000 0.000 0.000 0.010 30.480 -13.625
30.720 24.000 0.000 0.000 0.000 0.010 30.720 -13.625
30.960 24.000 0.000 0.000 0.000 0.010 30.960 -13.625
31.200 24.000 0.000 0.000 0.000 0.010 31.200 -13.625
31.440 24.000 -0.000 -0.000 0.000 0.010 31.440 -13.625
31.680 24.000 0.000 0.000 0.000 0.010 31.680 -13.625
31.920 24.000 0.000 0.000 0.000 0.010 31.920 -13.625
32.160 24.000 0.000 0.000 0.000 0.010 32.160 -13.625
32.400 24.000 0.000 -0.000 0.000 0.010 32.400 -13.625
32.640 24.000 -0.000 -0.000 0.000 0.010 32.640 -13.625
32.880 24.000 0.000 0.000 0.000 0.010 32.880 -13.625
33.120 24.000 0.000 0.000 0.000 0.010 33.120 -13.625
33.360 24.000 0.000 0.000 0.000 0.010 33.360 -13.625
33.600 24.000 0.000 0.000 0.000 0.010 33.600 -13.625
33.840 24.000 0.000 0.000 0.000 0.010 33.840 -13.625
34.080 24.000 -0.000 -0.000 0.000 0.010 34.080 -13.625
34.320 24.000 0.000 0.000 0.000 0.010 34.320 -13.625
34.560 24.000 0.000 0.000 0.000 0.010 34.560 -13.625
34.800 24.000 0.000 0.000 0.000 0.010 34.800 -13.625
35.040 24.000 0.000 0.000 0.000 0.010 35.040 -13.625
35.280 24.000 -0.000 -0.000 0.000 0.010 35.280 -13.625
35.520 24.000 0.000 0.000 0.000 0.010 35.520 -13.625
35.760 24.000 0.000 0.000 0.000 0.010 35.760 -13.625
36.000 24.000 0.000 -0.000 0.000 0.010 36.000 -13.625
36.240 24.000 -0.000 -0.000 0.000 0.010 36.240 -13.625
36.480 24.000 0.000 0.000 0.000 0.010 36.480 -13.625
36.720 24.000 0.000 -0.000 0.000 0.010 36.720 -13.625
36.960 24.000 -0.000 -0.000 0.000 0.010 36.960 -13.625
37.200 24.000 0.000 0.000 0.000 0.010 37.200 -13.625
37.440 24.000 0.000 -0.000 0.000 0.010 37.440 -13.625
37.680 24.000 -0.000 -0.000 0.000 0.010 37.680 -13.625
37.920 24.000 0.000 0.000 0.000 0.010 37.920 -13.625
38.160 24.000 0.000 -0.000 0.000 0.010 38.160 -13.625
38.400 24.000 0.000 0.000 0.000 0.010 38.400 -13.625
38.640 24.000 -0.000 -0.000 0.000 0.010 38.640 -13.625
38.880 24.000 0.000 0.000 0.000 0.010 38.880 -13.625
39.120 24.000 -0.000 -0.000 0.000 0.010 39.120 -13.625
39.360 24.000 0.000 0.000 0.000 0.010 39.360 -13.625
39.600 24.000 -0.000 -0.000 0.000 0.010 39.600 -13.625
39.840 24.000 0.000 0.000 0.000 0.010 39.840 -13.625
40.080 24.000 -0.000 -0.000 0.000 0.010 40.080 -13.625
40.320 24.000 0.000 0.000 0.000 0.010 40.320 -13.625
40.560 24.000 -0.000 -0.000 0.000 0.010 40.560 -13.625
40.800 24.000 0.000 0.000 0.000 0.010 40.800 -13.625
41.040 24.000 -0.000 -0.000 0.000 0.010 41.040 -13.625
41.280 24.000 -0.000 0.000 0.000 0.010 41.280 -13.625
41.520 24.000 0.000 0.000 0.000 0.010 41.520 -13.625
41.760 24.000 0.000 -0.000 0.000 0.010 41.760 -13.625
42.000 24.000 -0.000 -0.000 0.000 0.010 42.000 -13.625
42.240 24.000 0.000 0.000 0.000 0.010 42.240 -13.625
42.480 24.000 0.000 -0.000 0.000 0.010 42.480 -13.625
42.720 24.000 0.000 0.000 0.000 0.010 42.720 -13.625
42.960 24.000 -0.000 -0.000 0.000 0.010 42.960 -13.625
43.200 24.000 0.000 0.000 0.000 0.010 43.200 -13.625
43.440 24.000 -0.000 -0.000 0.000 0.010 43.440 -13.625
43.680 24.000 0.000 0.000 0.000 0.010 43.680 -13.625
43.920 24.000 0.000 -0.000 0.000 0.010 43.920 -13.625
44.160 24.000 -0.000 -0.000 0.000 0.010 44.160 -13.625
44.400 24.000 0.000 0.000 0.000 0.010 44.400 -13.625
44.640 24.000 0.000 -0.000 0.000 0.010 44.640 -13.625
44.880 24.000 -0.000 -0.000 0.000 0.010 44.880 -13.625
45.120 24.000 0.000 0.000 0.000 0.010 45.120 -13.625
45.360 24.000 0.000 -0.000 0.000 0.010 45.360 -13.625
45.600 24.000 0.000 0.000 0.000 0.010 45.600 -13.625
45.840 24.000 -0.000 -0.000 0.000 0.010 45.840 -13.625
46.080 24.000 0.000 0.000 0.000 0.010 46.080 -13.625
46.320 24.000 -0.000 -0.000 0.000 0.010 46.320 -13.625
46.560 24.000 0.000 0.000 0.000 0.010 46.560 -13.625
46.800 24.000 -0.000 -0.000 0.000 0.010 46.800 -13.625
47.040 24.000 0.000 0.000 0.000 0.010 47.040 -13.625
47.280 24.000 -0.000 -0.000 0.000 0.010 47.280 -13.625
47.520 24.000 0.000 0.000 0.000 0.010 47.520 -13.625
47.760 24.000 -0.000 -0.000 0.000 0.010 47.760 -13.625
48.000 24.000 0.000 0.000 0.000 0.010 48.000 -13.625
48.240 24.000 -0.000 -0.000 0.000 0.010 48.240 -13.625
48.480 24.000 0.000 0.000 0.000 0.010 48.480 -13.625
48.720 24.000 0.000 -0.000 0.000 0.010 48.720 -13.625
48.960 24.000 -0.000 -0.000 0.000 0.010 48.960 -13.625
49.200 24.000 0.000 0.000 0.000 0.010 49.200 -13.625
49.440 24.000 0.000 -0.000 0.000 0.010 49.440 -13.625
49.680 24.000 -0.000 -0.000 0.000 0.010 49.680 -13.625
49.920 24.000 0.000 0.000 0.000 0.010 49.920 -13.625
50.160 24.000 0.000 -0.000 0.000 0.010 50.160 -13.625
50.400 24.000 0.000 0.000 0.000 0.010 50.400 -13.625
50.640 24.000 -0.000 -0.000 0.000 0.010 50.640 -13.625
50.880 24.000 0.000 0.000 0.000 0.010 50.880 -13.625
51.120 24.000 -0.000 -0.000 0.000 0.010 51.120 -13.625
51.360 24.000 0.000 0.000 0.000 0.010 51.360 -13.625
51.600 24.000 0.000 -0.000 0.000 0.010 51.600 -13.625
51.840 24.000 -0.000 -0.000 0.000 0.010 51.840 -13.625
52.080 24.000 0.000 0.000 0.000 0.010 52.080 -13.625
52.320 24.000 -0.000 -0.000 0.000 0.010 52.320 -13.625
52.560 24.000 0.000 0.000 0.000 0.010 52.560 -13.625
52.800 24.000 0.000 -0.000 0.000 0.010 52.800 -13.625
53.040 24.000 0.000 0.000 0.000 0.010 53.040 -13.625
53.280 24.000 -0.000 -0.000 0.000 0.010 53.280 -13.625
53.520 24.000 0.000 0.000 0.000 0.010 53.520 -13.625
53.760 24.000 0.000 -0.000 0.000 0.010 53.760 -13.625
54.000 24.000 -0.000 -0.000 0.000 0.010 54.000 -13.625
54.240 24.000 0.000 0.000 0.000 0.010 54.240 -13.625
54.480 24.000 0.000 -0.000 0.000 0.010 54.480 -13.625
54.720 24.000 -0.000 -0.000 0.000 0.010 54.720 -13.625
54.960 24.000 0.000 0.000 0.000 0.010 54.960 -13.625
55.200 24.000 0.000 -0.000 0.000 0.010 55.200 -13.625
55.440 24.000 0.000 0.000 0.000 0.010 55.440 -13.625
55.680 24.000 -0.000 -0.000 0.000 0.010 55.680 -13.625
55.920 24.000 0.000 0.000 0.000 0.010 55.920 -13.625
56.160 24.000 -0.000 -0.000 0.000 0.010 56.160 -13.625
56.400 24.000 0.000 0.000 0.000 0.010 56.400 -13.625
56.640 24.000 -0.000 -0.000 0.000 0.010 56.640 -13.625
56.880 24.000 0.000 0.000 0.000 0.010 56.880 -13.625
57.120 24.000 -0.000 -0.000 0.000 0.010 57.120 -13.625
57.360 24.000 0.000 0.000 0.000 0.010 57.360 -13.625
57.600 24.000 -0.000 -0.000 0.000 0.010 57.600 -13.625
57.840 24.000 0.000 0.000 0.000 0.010 57.840 -13.625
58.080 24.000 0.000 -0.000 0.000 0.010 58.080 -13.625
58.320 24.000 -0.000 -0.000 0.000 0.010 58.320 -13.625
58.560 24.000 0.000 0.000 0.000 0.010 58.560 -13.625
58.800 24.000 0.000 -0.000 0.000 0.010 58.800 -13.625
59.040 24.000 -0.000 -0.000 0.000 0.010 59.040 -13.625
59.280 24.000 0.000 0.000 0.000 0.010 59.280 -13.625
59.520 24.000 0.000 -0.000 0.000 0.010 59.520 -13.625
59.760 24.000 0.000 0.000 0.000 0.010 59.760 -13.625
60.000 24.000 0.000 0.000 0.000 0.010 60.000 -13.625
60.240 24.000 0.000 0.000 0.000 0.010 60.240 -13.625
60.480 24.000 -0.000 -0.000 0.000 0.010 60.480 -13.625
60.720 24.000 0.000 0.000 0.000 0.010 60.720 -13.625
60.960 24.000 0.000 -0.000 0.000 0.010 60.960 -13.625
61.200 24.000 -0.000 -0.000 0.000 0.010 61.200 -13.625
61.440 24.000 0.000 0.000 0.000 0.010 61.440 -13.625
61.680 24.000 0.000 -0.000 0.000 0.010 61.680 -13.625
61.920 24.000 -0.000 -0.000 0.000 0.010 61.920 -13.625
62.160 24.000 0.000 0.000 0.000 0.010 62.160 -13.625
62.400 24.000 0.000 -0.000 0.000 0.010 62.400 -13.625
62.640 24.000 0.000 0.000 0.000 0.010 62.640 -13.625
62.880 24.000 -0.000 -0.000 0.000 0.010 62.880 -13.625
63.120 24.000 0.000 0.000 0.000 0.010 63.120 -13.625
63.360 24.000 -0.000 -0.000 0.000 0.010 63.360 -13.625
63.600 24.000 0.000 0.000 0.000 0.010 63.600 -13.625
63.840 24.000 -0.000 -0.000 0.000 0.010 63.840 -13.625
64.080 24.000 0.000 0.000 0.000 0.010 64.080 -13.625
64.320 23.998 -0.247 -24.691 0.000 0.010 64.320 -13.625
64.560 23.978 -1.975 -172.840 0.000 0.010 64.560 -13.625
64.799 23.928 -4.938 -296.296 0.000 0.010 64.799 -13.625
65.038 23.849 -7.901 -296.296 0.000 0.010 65.038 -13.625
65.275 23.741 -10.864 -296.296 0.000 0.010 65.275 -13.625
65.511 23.602 -13.827 -296.296 0.000 0.010 65.511 -13.625
65.745 23.435 -16.790 -296.296 0.000 0.010 65.745 -13.625
65.978 23.237 -19.753 -296.296 0.000 0.010 65.978 -13.625
66.208 23.010 -22.716 -296.296 0.000 0.010 66.208 -13.625
66.435 22.753 -25.679 -296.296 0.000 0.010 66.435 -13.625
66.660 22.467 -28.642 -296.296 0.000 0.010 66.660 -13.625
66.881 22.151 -31.605 -296.296 0.000 0.010 66.881 -13.625
67.100 21.805 -34.568 -296.296 0.000 0.010 67.100 -13.625
67.314 21.430 -37.531 -296.296 0.000 0.010 67.314 -13.625
67.524 21.025 -40.494 -296.296 0.000 0.010 67.524 -13.625
67.730 20.590 -43.457 -296.296 0.000 0.010 67.730 -13.625
67.931 20.126 -46.420 -296.296 0.000 0.010 67.931 -13.625
68.128 19.632 -49.383 -296.296 0.000 0.010 68.128 -13.625
68.319 19.109 -52.346 -296.296 0.000 0.010 68.319 -13.625
68.504 18.556 -55.309 -296.296 0.000 0.010 68.504 -13.625
68.684 17.973 -58.272 -296.296 0.000 0.010 68.684 -13.625
68.858 17.360 -61.235 -296.296 0.000 0.010 68.858 -13.625
69.025 16.719 -64.198 -296.296 0.000 0.010 69.025 -13.625
69.185 16.047 -67.160 -296.296 0.000 0.010 69.185 -13.625
69.339 15.346 -70.123 -296.296 0.000 0.010 69.339 -13.625
69.485 14.615 -73.086 -296.296 0.000 0.010 69.485 -13.625
69.623 13.854 -76.049 -296.296 0.000 0.010 69.623 -13.625
69.754 13.067 -78.765 -271.605 0.000 0.010 69.754 -13.625
69.877 12.267 -80.000 -123.457 0.000 0.010 69.877 -13.625
69.991 11.467 -80.000 0.000 0.000 0.010 69.991 -13.625
70.098 10.669 -79.753 24.691 0.000 0.010 70.098 -13.625
70.197 9.889 -78.025 172.840 0.000 0.010 70.197 -13.625
70.288 9.138 -75.062 296.296 0.000 0.010 70.288 -13.625
70.372 8.417 -72.099 296.296 0.000 0.010 70.372 -13.625
70.450 7.726 -69.136 296.296 0.000 0.010 70.450 -13.625
70.520 7.064 -66.173 296.296 0.000 0.010 70.520 -13.625
70.585 6.432 -63.210 296.296 0.000 0.010 70.585 -13.625
70.643 5.830 -60.247 296.296 0.000 0.010 70.643 -13.625
70.696 5.257 -57.284 296.296 0.000 0.010 70.696 -13.625
70.743 4.714 -54.321 296.296 0.000 0.010 70.743 -13.625
70.785 4.200 -51.358 296.296 0.000 0.010 70.785 -13.625
70.822 3.716 -48.395 296.296 0.000 0.010 70.822 -13.625
70.854 3.262 -45.432 296.296 0.000 0.010 70.854 -13.625
70.883 2.837 -42.469 296.296 0.000 0.010 70.883 -13.625
70.907 2.442 -39.506 296.296 0.000 0.010 70.907 -13.625
70.928 2.077 -36.543 296.296 0.000 0.010 70.928 -13.625
70.945 1.741 -33.580 296.296 0.000 0.010 70.945 -13.625
70.960 1.435 -30.617 296.296 0.000 0.010 70.960 -13.625
70.971 1.158 -27.654 296.296 0.000 0.010 70.971 -13.625
70.980 0.911 -24.691 296.296 0.000 0.010 70.980 -13.625
70.987 0.694 -21.728 296.296 0.000 0.010 70.987 -13.625
70.992 0.506 -18.765 296.296 0.000 0.010 70.992 -13.625
70.996 0.348 -15.802 296.296 0.000 0.010 70.996 -13.625
70.998 0.220 -12.840 296.296 0.000 0.010 70.998 -13.625
70.999 0.121 -9.877 296.296 0.000 0.010 70.999 -13.625
71.000 0.052 -6.914 296.296 0.000 0.010 71.000 -13.625
71.000 0.012 -3.951 296.296 0.000 0.010 71.000 -13.625
71.000 0.000 -1.235 271.605 0.000 0.010 71.000 -13.625
