PosEdgeGear
392
0.000 0.030 2.963 296.296 0.000 0.010 0.000 13.625
0.001 0.059 2.963 -0.000 0.000 0.010 0.001 13.625
0.002 0.133 7.407 444.444 0.000 0.010 0.002 13.625
0.004 0.237 10.370 296.296 0.000 0.010 0.004 13.625
0.008 0.370 13.333 296.296 0.000 0.010 0.008 13.625
0.013 0.533 16.296 296.296 0.000 0.010 0.013 13.625
0.021 0.726 19.259 296.296 0.000 0.010 0.021 13.625
0.030 0.948 22.222 296.296 0.000 0.010 0.030 13.625
0.042 1.200 25.185 296.296 0.000 0.010 0.042 13.625
0.057 1.481 28.148 296.296 0.000 0.010 0.057 13.625
0.075 1.793 31.111 296.296 0.000 0.010 0.075 13.625
0.096 2.133 34.074 296.296 0.000 0.010 0.096 13.625
0.121 2.504 37.037 296.296 0.000 0.010 0.121 13.625
0.150 2.904 40.000 296.296 0.000 0.010 0.150 13.625
0.184 3.333 42.963 296.296 0.000 0.010 0.184 13.625
0.222 3.793 45.926 296.296 0.000 0.010 0.222 13.625
0.264 4.281 48.889 296.296 0.000 0.010 0.264 13.625
0.312 4.800 51.852 296.296 0.000 0.010 0.312 13.625
0.366 5.348 54.815 296.296 0.000 0.010 0.366 13.625
0.425 5.926 57.778 296.296 0.000 0.010 0.425 13.625
0.491 6.533 60.741 296.296 0.000 0.010 0.491 13.625
0.562 7.170 63.704 296.296 0.000 0.010 0.562 13.625
0.641 7.837 66.667 296.296 0.000 0.010 0.641 13.625
0.726 8.533 69.630 296.296 0.000 0.010 0.726 13.625
0.819 9.259 72.593 296.296 0.000 0.010 0.819 13.625
0.919 10.015 75.556 296.296 0.000 0.010 0.919 13.625
1.027 10.800 78.519 296.296 0.000 0.010 1.027 13.625
1.143 11.600 80.000 148.148 0.000 0.010 1.143 13.625
1.267 12.400 80.000 0.000 0.000 0.010 1.267 13.625
1.399 13.200 80.000 0.000 0.000 0.010 1.399 13.625
1.539 13.985 78.519 -148.148 0.000 0.010 1.539 13.625
1.686 14.741 75.556 -296.296 0.000 0.010 1.686 13.625
1.841 15.467 72.593 -296.296 0.000 0.010 1.841 13.625
2.002 16.163 69.630 -296.296 0.000 0.010 2.002 13.625
2.171 16.830 66.667 -296.296 0.000 0.010 2.171 13.625
2.345 17.467 63.704 -296.296 0.000 0.010 2.345 13.625
2.526 18.074 60.741 -296.296 0.000 0.010 2.526 13.625
2.712 18.652 57.778 -296.296 0.000 0.010 2.712 13.625
2.904 19.200 54.815 -296.296 0.000 0.010 2.904 13.625
3.102 19.719 51.852 -296.296 0.000 0.010 3.102 13.625
3.304 20.207 48.889 -296.296 0.000 0.010 3.304 13.625
3.510 20.667 45.926 -296.296 0.000 0.010 3.510 13.625
3.721 21.096 42.963 -296.296 0.000 0.010 3.721 13.625
3.936 21.496 40.000 -296.296 0.000 0.010 3.936 13.625
4.155 21.867 37.037 -296.296 0.000 0.010 4.155 13.625
4.377 22.207 34.074 -296.296 0.000 0.010 4.377 13.625
4.602 22.519 31.111 -296.296 0.000 0.010 4.602 13.625
4.830 22.800 28.148 -296.296 0.000 0.010 4.830 13.625
5.061 23.052 25.185 -296.296 0.000 0.010 5.061 13.625
5.293 23.274 22.222 -296.296 0.000 0.010 5.293 13.625
5.528 23.467 19.259 -296.296 0.000 0.010 5.528 13.625
5.764 23.630 16.296 -296.296 0.000 0.010 5.764 13.625
6.002 23.763 13.333 -296.296 0.000 0.010 6.002 13.625
6.241 23.867 10.370 -296.296 0.000 0.010 6.241 13.625
6.480 23.941 7.407 -296.296 0.000 0.010 6.480 13.625
6.720 23.985 4.444 -296.296 0.000 0.010 6.720 13.625
6.960 24.000 1.481 -296.296 0.000 0.010 6.960 13.625
7.200 24.000 0.000 -148.148 0.000 0.010 7.200 13.625
7.440 24.000 0.000 -0.000 0.000 0.010 7.440 13.625
7.680 24.000 0.000 0.000 0.000 0.010 7.680 13.625
7.920 24.000 0.000 0.000 0.000 0.010 7.920 13.625
8.160 24.000 -0.000 -0.000 0.000 0.010 8.160 13.625
8.400 24.000 0.000 0.000 0.000 0.010 8.400 13.625
8.640 24.000 0.000 -0.000 0.000 0.010 8.640 13.625
8.880 24.000 0.000 0.000 0.000 0.010 8.880 13.625
9.120 24.000 0.000 0.000 0.000 0.010 9.120 13.625
9.360 24.000 0.000 0.000 0.000 0.010 9.360 13.625
9.600 24.000 -0.000 -0.000 0.000 0.010 9.600 13.625
9.840 24.000 0.000 0.000 0.000 0.010 9.840 13.625
10.080 24.000 0.000 0.000 0.000 0.010 10.080 13.625
10.320 24.000 0.000 0.000 0.000 0.010 10.320 13.625
10.560 24.000 0.000 -0.000 0.000 0.010 10.560 13.625
10.800 24.000 0.000 0.000 0.000 0.010 10.800 13.625
11.040 24.000 0.000 0.000 0.000 0.010 11.040 13.625
11.280 24.000 -0.000 -0.000 0.000 0.010 11.280 13.625
11.520 24.000 0.000 0.000 0.000 0.010 11.520 13.625
11.760 24.000 0.000 0.000 0.000 0.010 11.760 13.625
12.000 24.000 -0.000 -0.000 0.000 0.010 12.000 13.625
12.240 24.000 0.000 0.000 0.000 0.010 12.240 13.625
12.480 24.000 -0.000 -0.000 0.000 0.010 12.480 13.625
12.720 24.000 0.000 0.000 0.000 0.010 12.720 13.625
12.960 24.000 0.000 -0.000 0.000 0.010 12.960 13.625
13.200 24.000 0.000 0.000 0.000 0.010 13.200 13.625
13.440 24.000 0.000 0.000 0.000 0.010 13.440 13.625
13.680 24.000 0.000 0.000 0.000 0.010 13.680 13.625
13.920 24.000 0.000 0.000 0.000 0.010 13.920 13.625
14.160 24.000 0.000 0.000 0.000 0.010 14.160 13.625
14.400 24.000 0.000 0.000 0.000 0.010 14.400 13.625
14.640 24.000 0.000 0.000 0.000 0.010 14.640 13.625
14.880 24.000 -0.000 -0.000 0.000 0.010 14.880 13.625
15.120 24.000 0.000 0.000 0.000 0.010 15.120 13.625
15.360 24.000 0.000 -0.000 0.000 0.010 15.360 13.625
15.600 24.000 0.000 0.000 0.000 0.010 15.600 13.625
15.840 24.000 0.000 0.000 0.000 0.010 15.840 13.625
16.080 24.000 -0.000 -0.000 0.000 0.010 16.080 13.625
16.320 24.000 0.000 0.000 0.000 0.010 16.320 13.625
16.560 24.000 -0.000 -0.000 0.000 0.010 16.560 13.625
16.800 24.000 0.000 0.000 0.000 0.010 16.800 13.625
17.040 24.000 -0.000 -0.000 0.000 0.010 17.040 13.625
17.280 24.000 0.000 0.000 0.000 0.010 17.280 13.625
17.520 24.000 0.000 0.000 0.000 0.010 17.520 13.625
17.760 24.000 0.000 0.000 0.000 0.010 17.760 13.625
18.000 24.000 0.000 -0.000 0.000 0.010 18.000 13.625
18.240 24.000 -0.000 -0.000 0.000 0.010 18.240 13.625
18.480 24.000 0.000 0.000 0.000 0.010 18.480 13.625
18.720 24.000 -0.000 -0.000 0.000 0.010 18.720 13.625
18.960 24.000 0.000 0.000 0.000 0.010 18.960 13.625
19.200 24.000 0.000 0.000 0.000 0.010 19.200 13.625
19.440 24.000 0.000 -0.000 0.000 0.010 19.440 13.625
19.680 24.000 -0.000 -0.000 0.000 0.010 19.680 13.625
19.920 24.000 0.000 0.000 0.000 0.010 19.920 13.625
20.158 23.840 -16.012 -1601.174 0.000 0.010 20.158 13.625
20.390 23.168 -67.155 -5114.352 0.001 0.010 20.390 13.625
20.615 22.474 -69.482 -232.709 0.002 0.010 20.615 13.625
20.833 21.792 -68.118 136.391 0.003 0.010 20.833 13.626
21.044 21.122 -67.078 104.087 0.006 0.010 21.044 13.627
21.249 20.458 -66.336 74.187 0.008 0.010 21.249 13.628
21.447 19.799 -65.872 46.326 0.011 0.010 21.447 13.630
21.638 19.143 -65.670 20.195 0.015 0.010 21.638 13.633
21.823 18.486 -65.715 -4.467 0.019 0.010 21.823 13.636
22.001 17.826 -65.994 -27.873 0.023 0.010 22.001 13.640
22.173 17.161 -66.496 -50.204 0.028 0.010 22.173 13.644
22.338 16.489 -67.212 -71.597 0.034 0.010 22.337 13.649
22.496 15.807 -68.134 -92.161 0.040 0.010 22.495 13.655
22.647 15.115 -69.253 -111.968 0.046 0.010 22.646 13.661
22.791 14.409 -70.564 -131.056 0.054 0.010 22.790 13.669
22.928 13.689 -72.058 -149.427 0.061 0.010 22.927 13.676
23.057 12.951 -73.729 -167.047 0.069 0.010 23.056 13.685
23.179 12.196 -75.567 -183.841 0.078 0.010 23.178 13.694
23.293 11.420 -77.564 -199.686 0.087 0.010 23.292 13.703
23.400 10.623 -79.708 -214.415 0.097 0.010 23.397 13.713
23.498 9.803 -81.986 -227.800 0.107 0.010 23.495 13.723
23.587 8.959 -84.381 -239.556 0.118 0.010 23.584 13.733
23.668 8.090 -86.875 -249.331 0.130 0.010 23.664 13.743
23.740 7.196 -89.442 -256.695 0.142 0.010 23.735 13.753
23.803 6.275 -92.053 -261.144 0.155 0.010 23.798 13.762
23.856 5.329 -94.674 -262.087 0.169 0.010 23.850 13.771
23.900 4.356 -97.263 -258.849 0.184 0.010 23.893 13.778
23.933 3.358 -99.769 -250.671 0.199 0.010 23.926 13.785
23.957 2.337 -102.136 -236.716 0.215 0.010 23.949 13.789
23.970 1.294 -104.297 -216.083 0.231 0.010 23.961 13.792
23.972 0.232 -106.175 -187.794 0.249 0.010 23.964 13.793
23.980 0.845 61.223 16739.824 0.267 0.010 23.956 13.791
24.000 1.932 108.733 4750.962 0.286 0.010 23.937 13.785
24.030 3.024 109.214 48.101 0.306 0.010 23.908 13.777
24.071 4.114 109.019 -19.456 0.326 0.010 23.869 13.764
24.123 5.195 108.036 -98.333 0.348 0.010 23.820 13.747
24.186 6.256 106.150 -188.554 0.370 0.010 23.761 13.725
24.259 7.289 103.254 -289.671 0.393 0.010 23.694 13.697
24.341 8.281 99.247 -400.670 0.417 0.010 23.618 13.665
24.434 9.222 94.048 -519.889 0.441 0.010 23.534 13.626
24.535 10.098 87.598 -644.963 0.466 0.010 23.443 13.582
24.643 10.896 79.870 -772.823 0.492 0.010 23.346 13.532
24.760 11.605 70.873 -899.754 0.518 0.010 23.245 13.476
24.882 12.212 60.657 -1021.522 0.544 0.010 23.139 13.414
25.009 12.705 49.321 -1133.587 0.571 0.010 23.032 13.347
25.139 13.075 37.008 -1231.367 0.599 0.010 22.923 13.275
25.273 13.314 23.902 -1310.558 0.626 0.010 22.814 13.198
25.407 13.416 10.228 -1367.467 0.653 0.010 22.706 13.118
25.541 13.378 -3.766 -1399.320 0.681 0.010 22.601 13.035
25.673 13.200 -17.811 -1404.503 0.708 0.010 22.500 12.951
25.801 12.884 -31.638 -1382.717 0.735 0.010 22.403 12.866
25.926 12.434 -44.988 -1335.002 0.762 0.010 22.312 12.781
26.044 11.858 -57.624 -1263.644 0.788 0.010 22.227 12.698
26.156 11.164 -69.344 -1171.969 0.814 0.010 22.149 12.618
26.260 10.365 -79.985 -1064.065 0.839 0.010 22.079 12.542
26.354 9.470 -89.429 -944.450 0.864 0.010 22.017 12.470
26.439 8.494 -97.607 -817.742 0.888 0.010 21.962 12.405
26.514 7.449 -104.490 -688.364 0.911 0.010 21.916 12.347
26.577 6.348 -110.093 -560.301 0.933 0.010 21.878 12.296
26.629 5.204 -114.463 -436.939 0.955 0.010 21.847 12.254
26.669 4.027 -117.672 -320.968 0.975 0.010 21.824 12.221
26.698 2.829 -119.816 -214.359 0.995 0.010 21.808 12.197
26.714 1.619 -121.000 -118.400 1.014 0.010 21.800 12.184
26.718 0.405 -121.337 -33.744 1.031 0.010 21.798 12.180
26.726 0.804 39.845 16118.215 1.049 0.010 21.802 12.187
26.746 2.003 119.930 8008.549 1.065 0.010 21.811 12.205
26.778 3.187 118.404 -152.623 1.080 0.010 21.827 12.233
26.821 4.352 116.463 -194.074 1.094 0.010 21.847 12.271
26.876 5.494 114.197 -226.583 1.108 0.010 21.872 12.320
26.943 6.611 111.686 -251.138 1.121 0.010 21.901 12.380
27.020 7.701 108.999 -268.735 1.133 0.010 21.934 12.449
27.107 8.763 106.195 -280.343 1.144 0.010 21.971 12.529
27.205 9.796 103.327 -286.875 1.154 0.010 22.011 12.618
27.313 10.800 100.435 -289.175 1.164 0.010 22.054 12.717
27.431 11.776 97.555 -288.006 1.173 0.010 22.100 12.825
27.558 12.723 94.714 -284.048 1.181 0.010 22.149 12.943
27.695 13.642 91.935 -277.899 1.189 0.010 22.200 13.069
27.840 14.535 89.234 -270.081 1.196 0.010 22.254 13.204
27.994 15.401 86.624 -261.042 1.202 0.010 22.310 13.348
28.156 16.242 84.112 -251.168 1.208 0.010 22.368 13.500
28.327 17.059 81.705 -240.786 1.213 0.010 22.428 13.659
28.505 17.853 79.403 -230.176 1.217 0.010 22.490 13.827
28.692 18.625 77.207 -219.573 1.221 0.010 22.554 14.001
28.885 19.376 75.115 -209.176 1.225 0.010 22.620 14.184
29.087 20.108 73.124 -199.157 1.228 0.010 22.688 14.373
29.295 20.820 71.227 -189.659 1.230 0.010 22.758 14.569
29.510 21.514 69.419 -180.809 1.232 0.010 22.830 14.772
29.732 22.191 67.692 -172.717 1.233 0.010 22.904 14.981
29.960 22.851 66.037 -165.480 1.234 0.010 22.979 15.197
30.195 23.496 64.445 -159.186 1.234 0.010 23.057 15.419
30.437 24.125 62.906 -153.917 1.234 0.010 23.136 15.646
30.684 24.739 61.409 -149.751 1.234 0.010 23.218 15.880
30.937 25.338 59.941 -146.761 1.233 0.010 23.302 16.119
31.197 25.923 58.491 -145.019 1.231 0.010 23.388 16.363
31.461 26.494 57.045 -144.595 1.229 0.010 23.477 16.613
31.732 27.050 55.589 -145.558 1.227 0.010 23.568 16.868
32.008 27.591 54.109 -147.978 1.225 0.010 23.661 17.127
32.289 28.117 52.590 -151.923 1.222 0.010 23.757 17.392
32.575 28.627 51.016 -157.456 1.218 0.010 23.855 17.661
32.866 29.120 49.369 -164.641 1.214 0.010 23.956 17.934
33.162 29.597 47.634 -173.535 1.210 0.010 24.060 18.211
33.463 30.055 45.792 -184.189 1.206 0.010 24.167 18.492
33.768 30.493 43.825 -196.647 1.201 0.010 24.276 18.776
34.077 30.910 41.716 -210.942 1.196 0.010 24.389 19.064
34.390 31.305 39.445 -227.091 1.191 0.010 24.504 19.355
34.707 31.675 36.994 -245.099 1.185 0.010 24.622 19.649
35.027 32.018 34.345 -264.950 1.179 0.010 24.744 19.945
35.350 32.333 31.479 -286.605 1.173 0.010 24.868 20.244
35.676 32.617 28.379 -310.006 1.167 0.010 24.995 20.544
36.005 32.867 25.028 -335.062 1.160 0.010 25.126 20.846
36.336 33.081 21.411 -361.659 1.153 0.010 25.259 21.149
36.669 33.256 17.515 -389.650 1.147 0.010 25.394 21.452
37.002 33.389 13.326 -418.860 1.140 0.010 25.533 21.756
37.337 33.478 8.835 -449.082 1.133 0.010 25.674 22.060
37.672 33.518 4.035 -480.083 1.126 0.010 25.817 22.363
38.007 33.507 -1.081 -511.603 1.119 0.010 25.962 22.665
38.342 33.442 -6.515 -543.356 1.112 0.010 26.109 22.965
38.675 33.319 -12.265 -575.042 1.105 0.010 26.258 23.263
39.006 33.136 -18.329 -606.343 1.098 0.010 26.408 23.559
39.335 32.889 -24.698 -636.931 1.092 0.010 26.558 23.851
39.661 32.576 -31.363 -666.478 1.086 0.010 26.709 24.140
39.983 32.192 -38.309 -694.650 1.080 0.010 26.860 24.424
40.300 31.737 -45.521 -721.121 1.074 0.010 27.011 24.704
40.612 31.207 -52.976 -745.563 1.069 0.010 27.160 24.978
40.918 30.601 -60.653 -767.657 1.064 0.010 27.308 25.246
41.218 29.916 -68.524 -787.079 1.059 0.010 27.454 25.507
41.509 29.150 -76.559 -803.499 1.056 0.010 27.597 25.761
41.792 28.303 -84.724 -816.566 1.052 0.010 27.737 26.007
42.066 27.373 -92.983 -825.899 1.050 0.010 27.873 26.244
42.329 26.360 -101.294 -831.063 1.048 0.010 28.005 26.473
42.582 25.264 -109.609 -831.552 1.047 0.010 28.131 26.692
42.825 24.323 -94.109 1550.005 1.047 0.010 28.252 26.902
43.078 25.242 91.946 18605.519 1.046 0.010 28.379 27.121
43.343 26.524 128.147 3620.098 1.044 0.010 28.512 27.350
43.620 27.746 122.198 -594.840 1.042 0.010 28.651 27.590
43.910 28.912 116.582 -561.657 1.038 0.010 28.798 27.839
44.210 30.024 111.240 -534.232 1.034 0.010 28.951 28.098
44.521 31.085 106.117 -512.256 1.028 0.010 29.111 28.364
44.842 32.097 101.163 -495.394 1.022 0.010 29.277 28.639
45.172 33.060 96.330 -483.283 1.016 0.010 29.450 28.920
45.512 33.976 91.575 -475.539 1.008 0.010 29.630 29.208
45.860 34.844 86.857 -471.755 1.000 0.010 29.817 29.503
46.217 35.666 82.142 -471.503 0.992 0.010 30.011 29.802
46.582 36.440 77.399 -474.329 0.983 0.010 30.212 30.106
46.953 37.166 72.601 -479.756 0.973 0.010 30.420 30.414
47.332 37.843 67.729 -487.285 0.963 0.010 30.634 30.726
47.716 38.471 62.765 -496.397 0.952 0.010 30.856 31.041
48.107 39.048 57.699 -506.558 0.941 0.010 31.084 31.358
48.503 39.573 52.527 -517.223 0.930 0.010 31.318 31.676
48.903 40.046 47.248 -527.851 0.918 0.010 31.560 31.996
49.308 40.464 41.869 -537.906 0.906 0.010 31.807 32.316
49.716 40.828 36.400 -546.879 0.894 0.010 32.061 32.635
50.127 41.137 30.857 -554.289 0.881 0.010 32.321 32.954
50.541 41.389 25.260 -559.707 0.868 0.010 32.586 33.272
50.957 41.586 19.633 -562.759 0.855 0.010 32.857 33.588
51.374 41.726 14.001 -563.140 0.842 0.010 33.133 33.901
51.792 41.810 8.395 -560.627 0.829 0.010 33.413 34.211
52.211 41.838 2.844 -555.075 0.816 0.010 33.698 34.518
52.629 41.812 -2.620 -546.430 0.803 0.010 33.986 34.821
53.046 41.732 -7.967 -534.723 0.790 0.010 34.278 35.119
53.462 41.601 -13.168 -520.069 0.777 0.010 34.573 35.413
53.876 41.419 -18.194 -502.658 0.764 0.010 34.870 35.701
54.288 41.188 -23.022 -482.747 0.752 0.010 35.169 35.984
54.697 40.912 -27.628 -460.646 0.739 0.010 35.469 36.262
55.103 40.592 -31.995 -436.710 0.727 0.010 35.771 36.534
55.506 40.231 -36.109 -411.320 0.715 0.010 36.073 36.799
55.904 39.832 -39.957 -384.869 0.704 0.010 36.375 37.059
56.298 39.396 -43.535 -357.753 0.692 0.010 36.677 37.312
56.687 38.928 -46.838 -330.357 0.681 0.010 36.978 37.559
57.071 38.429 -49.869 -303.041 0.671 0.010 37.278 37.799
57.451 37.903 -52.630 -276.140 0.661 0.010 37.576 38.033
57.824 37.352 -55.130 -249.946 0.651 0.010 37.872 38.261
58.192 36.778 -57.377 -224.717 0.641 0.010 38.166 38.483
58.554 36.184 -59.383 -200.663 0.633 0.010 38.456 38.698
58.909 35.572 -61.163 -177.954 0.624 0.010 38.744 38.907
59.259 34.945 -62.730 -156.714 0.616 0.010 39.029 39.110
59.602 34.304 -64.100 -137.030 0.608 0.010 39.309 39.307
59.938 33.651 -65.290 -118.949 0.601 0.010 39.586 39.499
60.268 32.988 -66.315 -102.484 0.595 0.010 39.859 39.684
60.591 32.316 -67.191 -87.619 0.589 0.010 40.127 39.864
60.908 31.637 -67.934 -74.311 0.583 0.010 40.391 40.039
61.217 30.951 -68.559 -62.495 0.578 0.010 40.649 40.209
61.520 30.260 -69.080 -52.088 0.573 0.010 40.903 40.374
61.816 29.565 -69.510 -42.991 0.569 0.010 41.152 40.534
62.104 28.867 -69.861 -35.095 0.566 0.010 41.395 40.689
62.386 28.165 -70.144 -28.278 0.563 0.010 41.633 40.839
62.660 27.461 -70.368 -22.416 0.560 0.010 41.866 40.986
62.928 26.756 -70.541 -17.376 0.558 0.010 42.093 41.128
63.189 26.049 -70.672 -13.022 0.557 0.010 42.314 41.265
63.442 25.342 -70.764 -9.217 0.556 0.010 42.529 41.399
63.688 24.634 -70.822 -5.820 0.555 0.010 42.738 41.529
63.928 23.925 -70.849 -2.691 0.555 0.010 42.942 41.655
64.160 23.217 -70.846 0.311 0.556 0.010 43.139 41.778
64.385 22.508 -70.813 3.327 0.557 0.010 43.330 41.896
64.603 21.801 -70.748 6.501 0.558 0.010 43.515 42.012
64.814 21.094 -70.648 9.972 0.561 0.010 43.694 42.124
65.018 20.389 -70.509 13.882 0.563 0.010 43.866 42.232
65.214 19.686 -70.325 18.370 0.566 0.010 44.033 42.338
65.404 18.985 -70.090 23.574 0.570 0.010 44.193 42.440
65.587 18.287 -69.793 29.627 0.574 0.010 44.346 42.539
65.763 17.593 -69.427 36.662 0.579 0.010 44.494 42.635
65.932 16.903 -68.979 44.803 0.584 0.010 44.635 42.728
66.094 16.219 -68.437 54.169 0.590 0.010 44.770 42.817
66.250 15.541 -67.788 64.867 0.596 0.010 44.899 42.904
66.398 14.871 -67.018 76.993 0.603 0.010 45.022 42.988
66.541 14.210 -66.112 90.626 0.610 0.010 45.139 43.069
66.676 13.559 -65.054 105.828 0.618 0.010 45.249 43.147
66.805 12.921 -63.827 122.635 0.626 0.010 45.355 43.223
66.928 12.297 -62.417 141.059 0.634 0.010 45.454 43.295
67.045 11.689 -60.806 161.079 0.643 0.010 45.548 43.365
67.156 11.099 -58.980 182.639 0.653 0.010 45.636 43.432
67.262 10.530 -56.923 205.646 0.663 0.010 45.720 43.496
67.361 9.983 -54.624 229.965 0.673 0.010 45.798 43.558
67.456 9.463 -52.069 255.420 0.684 0.010 45.872 43.617
67.546 8.970 -49.252 281.787 0.695 0.010 45.941 43.674
67.631 8.509 -46.163 308.805 0.706 0.010 46.006 43.729
67.712 8.081 -42.802 336.168 0.718 0.010 46.067 43.782
67.788 7.689 -39.166 363.538 0.730 0.010 46.125 43.833
67.862 7.336 -35.261 390.547 0.742 0.010 46.179 43.882
67.932 7.025 -31.093 416.809 0.754 0.010 46.231 43.930
68.000 6.759 -26.674 441.926 0.767 0.010 46.279 43.977
68.065 6.538 -22.019 465.506 0.780 0.010 46.326 44.022
68.129 6.367 -17.147 487.173 0.793 0.010 46.371 44.067
68.191 6.243 -12.381 476.555 0.806 0.010 46.415 44.112
68.253 6.165 -7.819 456.181 0.819 0.010 46.457 44.157
68.314 6.133 -3.221 459.881 0.832 0.010 46.499 44.202
68.376 6.147 1.403 462.398 0.845 0.010 46.540 44.248
68.438 6.206 5.954 455.021 0.858 0.010 46.581 44.294
68.501 6.310 10.333 437.900 0.870 0.010 46.622 44.342
68.565 6.454 14.447 411.448 0.883 0.010 46.663 44.392
68.632 6.636 18.210 376.313 0.895 0.010 46.705 44.443
68.700 6.852 21.544 333.346 0.907 0.010 46.747 44.497
68.771 7.095 24.379 283.547 0.918 0.010 46.791 44.553
68.845 7.362 26.659 228.019 0.929 0.010 46.835 44.612
68.921 7.645 28.338 167.913 0.939 0.010 46.881 44.673
69.001 7.939 29.382 104.384 0.949 0.010 46.927 44.738
69.083 8.237 29.768 38.548 0.959 0.010 46.975 44.805
69.168 8.532 29.482 -28.552 0.968 0.010 47.024 44.875
69.256 8.817 28.523 -95.965 0.976 0.010 47.073 44.948
69.347 9.086 26.894 -162.847 0.984 0.010 47.124 45.023
69.441 9.332 24.609 -228.460 0.992 0.010 47.175 45.101
69.536 9.549 21.688 -292.171 0.998 0.010 47.227 45.181
69.633 9.730 18.153 -353.433 1.004 0.010 47.280 45.263
69.732 9.871 14.036 -411.775 1.010 0.010 47.332 45.347
69.832 9.964 9.368 -466.775 1.015 0.010 47.385 45.431
69.932 10.006 4.187 -518.045 1.020 0.010 47.438 45.516
70.032 9.992 -1.465 -565.208 1.024 0.010 47.490 45.602
70.131 9.916 -7.543 -607.880 1.028 0.010 47.541 45.686
70.229 9.776 -14.000 -645.658 1.031 0.010 47.592 45.770
70.324 9.568 -20.781 -678.107 1.034 0.010 47.641 45.852
70.417 9.299 -26.956 -617.469 1.036 0.010 47.688 45.932
70.507 8.978 -32.083 -512.730 1.038 0.010 47.734 46.010
70.593 8.609 -36.873 -479.037 1.040 0.010 47.777 46.084
70.675 8.204 -40.569 -369.518 1.041 0.010 47.819 46.155
70.753 7.776 -42.757 -218.802 1.043 0.010 47.858 46.222
70.826 7.333 -44.278 -152.122 1.044 0.010 47.895 46.285
70.895 6.879 -45.388 -110.975 1.044 0.010 47.930 46.345
70.959 6.418 -46.097 -70.983 1.045 0.010 47.962 46.400
71.019 5.954 -46.422 -32.464 1.046 0.010 47.992 46.452
71.074 5.490 -46.379 4.315 1.046 0.010 48.019 46.499
71.124 5.031 -45.988 39.134 1.046 0.010 48.044 46.543
71.170 4.578 -45.269 71.814 1.047 0.010 48.067 46.582
71.211 4.135 -44.247 102.220 1.047 0.010 48.088 46.618
71.248 3.706 -42.945 130.256 1.047 0.010 48.107 46.650
71.281 3.292 -41.386 155.862 1.047 0.010 48.123 46.679
71.310 2.896 -39.596 179.014 1.047 0.010 48.138 46.704
71.335 2.520 -37.599 199.725 1.047 0.010 48.150 46.725
71.357 2.166 -35.418 218.034 1.047 0.010 48.161 46.744
71.375 1.835 -33.078 234.013 1.047 0.010 48.170 46.760
71.391 1.529 -30.601 247.757 1.047 0.010 48.178 46.773
71.403 1.249 -28.007 259.386 1.047 0.010 48.184 46.784
71.413 0.996 -25.316 269.039 1.047 0.010 48.189 46.793
71.421 0.770 -22.548 276.871 1.047 0.010 48.193 46.799
71.427 0.573 -19.717 283.053 1.047 0.010 48.196 46.804
71.431 0.405 -16.839 287.767 1.047 0.010 48.198 46.808
71.433 0.266 -13.927 291.203 1.047 0.010 48.199 46.810
71.435 0.156 -10.992 293.561 1.047 0.010 48.200 46.812
71.436 0.075 -8.041 295.041 1.047 0.010 48.200 46.812
71.436 0.024 -5.083 295.851 1.047 0.010 48.200 46.812
71.436 0.003 -2.121 296.197 1.047 0.010 48.200 46.813
71.436 0.000 -0.320 180.117 1.047 0.010 48.200 46.813
0.000 0.030 2.963 296.296 0.000 0.010 0.000 -13.625
0.001 0.059 2.963 -0.000 0.000 0.010 0.001 -13.625
0.002 0.133 7.407 444.444 0.000 0.010 0.002 -13.625
0.004 0.237 10.370 296.296 0.000 0.010 0.004 -13.625
0.008 0.370 13.333 296.296 0.000 0.010 0.008 -13.625
0.013 0.533 16.296 296.296 0.000 0.010 0.013 -13.625
0.021 0.726 19.259 296.296 0.000 0.010 0.021 -13.625
0.030 0.948 22.222 296.296 0.000 0.010 0.030 -13.625
0.042 1.200 25.185 296.296 0.000 0.010 0.042 -13.625
0.057 1.481 28.148 296.296 0.000 0.010 0.057 -13.625
0.075 1.793 31.111 296.296 0.000 0.010 0.075 -13.625
0.096 2.133 34.074 296.296 0.000 0.010 0.096 -13.625
0.121 2.504 37.037 296.296 0.000 0.010 0.121 -13.625
0.150 2.904 40.000 296.296 0.000 0.010 0.150 -13.625
0.184 3.333 42.963 296.296 0.000 0.010 0.184 -13.625
0.222 3.793 45.926 296.296 0.000 0.010 0.222 -13.625
0.264 4.281 48.889 296.296 0.000 0.010 0.264 -13.625
0.312 4.800 51.852 296.296 0.000 0.010 0.312 -13.625
0.366 5.348 54.815 296.296 0.000 0.010 0.366 -13.625
0.425 5.926 57.778 296.296 0.000 0.010 0.425 -13.625
0.491 6.533 60.741 296.296 0.000 0.010 0.491 -13.625
0.562 7.170 63.704 296.296 0.000 0.010 0.562 -13.625
0.641 7.837 66.667 296.296 0.000 0.010 0.641 -13.625
0.726 8.533 69.630 296.296 0.000 0.010 0.726 -13.625
0.819 9.259 72.593 296.296 0.000 0.010 0.819 -13.625
0.919 10.015 75.556 296.296 0.000 0.010 0.919 -13.625
1.027 10.800 78.519 296.296 0.000 0.010 1.027 -13.625
1.143 11.600 80.000 148.148 0.000 0.010 1.143 -13.625
1.267 12.400 80.000 0.000 0.000 0.010 1.267 -13.625
1.399 13.200 80.000 0.000 0.000 0.010 1.399 -13.625
1.539 13.985 78.519 -148.148 0.000 0.010 1.539 -13.625
1.686 14.741 75.556 -296.296 0.000 0.010 1.686 -13.625
1.841 15.467 72.593 -296.296 0.000 0.010 1.841 -13.625
2.002 16.163 69.630 -296.296 0.000 0.010 2.002 -13.625
2.171 16.830 66.667 -296.296 0.000 0.010 2.171 -13.625
2.345 17.467 63.704 -296.296 0.000 0.010 2.345 -13.625
2.526 18.074 60.741 -296.296 0.000 0.010 2.526 -13.625
2.712 18.652 57.778 -296.296 0.000 0.010 2.712 -13.625
2.904 19.200 54.815 -296.296 0.000 0.010 2.904 -13.625
3.102 19.719 51.852 -296.296 0.000 0.010 3.102 -13.625
3.304 20.207 48.889 -296.296 0.000 0.010 3.304 -13.625
3.510 20.667 45.926 -296.296 0.000 0.010 3.510 -13.625
3.721 21.096 42.963 -296.296 0.000 0.010 3.721 -13.625
3.936 21.496 40.000 -296.296 0.000 0.010 3.936 -13.625
4.155 21.867 37.037 -296.296 0.000 0.010 4.155 -13.625
4.377 22.207 34.074 -296.296 0.000 0.010 4.377 -13.625
4.602 22.519 31.111 -296.296 0.000 0.010 4.602 -13.625
4.830 22.800 28.148 -296.296 0.000 0.010 4.830 -13.625
5.061 23.052 25.185 -296.296 0.000 0.010 5.061 -13.625
5.293 23.274 22.222 -296.296 0.000 0.010 5.293 -13.625
5.528 23.467 19.259 -296.296 0.000 0.010 5.528 -13.625
5.764 23.630 16.296 -296.296 0.000 0.010 5.764 -13.625
6.002 23.763 13.333 -296.296 0.000 0.010 6.002 -13.625
6.241 23.867 10.370 -296.296 0.000 0.010 6.241 -13.625
6.480 23.941 7.407 -296.296 0.000 0.010 6.480 -13.625
6.720 23.985 4.444 -296.296 0.000 0.010 6.720 -13.625
6.960 24.000 1.481 -296.296 0.000 0.010 6.960 -13.625
7.200 24.000 0.000 -148.148 0.000 0.010 7.200 -13.625
7.440 24.000 0.000 -0.000 0.000 0.010 7.440 -13.625
7.680 24.000 0.000 0.000 0.000 0.010 7.680 -13.625
7.920 24.000 0.000 0.000 0.000 0.010 7.920 -13.625
8.160 24.000 -0.000 -0.000 0.000 0.010 8.160 -13.625
8.400 24.000 0.000 0.000 0.000 0.010 8.400 -13.625
8.640 24.000 0.000 -0.000 0.000 0.010 8.640 -13.625
8.880 24.000 0.000 0.000 0.000 0.010 8.880 -13.625
9.120 24.000 0.000 0.000 0.000 0.010 9.120 -13.625
9.360 24.000 0.000 0.000 0.000 0.010 9.360 -13.625
9.600 24.000 -0.000 -0.000 0.000 0.010 9.600 -13.625
9.840 24.000 0.000 0.000 0.000 0.010 9.840 -13.625
10.080 24.000 0.000 0.000 0.000 0.010 10.080 -13.625
10.320 24.000 0.000 0.000 0.000 0.010 10.320 -13.625
10.560 24.000 0.000 -0.000 0.000 0.010 10.560 -13.625
10.800 24.000 0.000 0.000 0.000 0.010 10.800 -13.625
11.040 24.000 0.000 0.000 0.000 0.010 11.040 -13.625
11.280 24.000 -0.000 -0.000 0.000 0.010 11.280 -13.625
11.520 24.000 0.000 0.000 0.000 0.010 11.520 -13.625
11.760 24.000 0.000 0.000 0.000 0.010 11.760 -13.625
12.000 24.000 -0.000 -0.000 0.000 0.010 12.000 -13.625
12.240 24.000 0.000 0.000 0.000 0.010 12.240 -13.625
12.480 24.000 -0.000 -0.000 0.000 0.010 12.480 -13.625
12.720 24.000 0.000 0.000 0.000 0.010 12.720 -13.625
12.960 24.000 0.000 -0.000 0.000 0.010 12.960 -13.625
13.200 24.000 0.000 0.000 0.000 0.010 13.200 -13.625
13.440 24.000 0.000 0.000 0.000 0.010 13.440 -13.625
13.680 24.000 0.000 0.000 0.000 0.010 13.680 -13.625
13.920 24.000 0.000 0.000 0.000 0.010 13.920 -13.625
14.160 24.000 0.000 0.000 0.000 0.010 14.160 -13.625
14.400 24.000 0.000 0.000 0.000 0.010 14.400 -13.625
14.640 24.000 0.000 0.000 0.000 0.010 14.640 -13.625
14.880 24.000 -0.000 -0.000 0.000 0.010 14.880 -13.625
15.120 24.000 0.000 0.000 0.000 0.010 15.120 -13.625
15.360 24.000 0.000 -0.000 0.000 0.010 15.360 -13.625
15.600 24.000 0.000 0.000 0.000 0.010 15.600 -13.625
15.840 24.000 0.000 0.000 0.000 0.010 15.840 -13.625
16.080 24.000 -0.000 -0.000 0.000 0.010 16.080 -13.625
16.320 24.000 0.000 0.000 0.000 0.010 16.320 -13.625
16.560 24.000 -0.000 -0.000 0.000 0.010 16.560 -13.625
16.800 24.000 0.000 0.000 0.000 0.010 16.800 -13.625
17.040 24.000 -0.000 -0.000 0.000 0.010 17.040 -13.625
17.280 24.000 0.000 0.000 0.000 0.010 17.280 -13.625
17.520 24.000 0.000 0.000 0.000 0.010 17.520 -13.625
17.760 24.000 0.000 0.000 0.000 0.010 17.760 -13.625
18.000 24.000 0.000 -0.000 0.000 0.010 18.000 -13.625
18.240 24.000 -0.000 -0.000 0.000 0.010 18.240 -13.625
18.480 24.000 0.000 0.000 0.000 0.010 18.480 -13.625
18.720 24.000 -0.000 -0.000 0.000 0.010 18.720 -13.625
18.960 24.000 0.000 0.000 0.000 0.010 18.960 -13.625
19.200 24.000 0.000 0.000 0.000 0.010 19.200 -13.625
19.440 24.000 0.000 -0.000 0.000 0.010 19.440 -13.625
19.680 24.000 -0.000 -0.000 0.000 0.010 19.680 -13.625
19.920 24.000 0.000 0.000 0.000 0.010 19.920 -13.625
20.162 24.160 16.012 1601.174 0.000 0.010 20.162 -13.625
20.410 24.832 67.155 5114.345 0.001 0.010 20.410 -13.625
20.665 25.526 69.482 232.698 0.002 0.010 20.665 -13.625
20.927 26.208 68.118 -136.400 0.003 0.010 20.927 -13.624
21.196 26.878 67.077 -104.097 0.006 0.010 21.196 -13.623
21.471 27.542 66.335 -74.196 0.008 0.010 21.471 -13.621
21.753 28.201 65.872 -46.335 0.011 0.010 21.753 -13.618
22.042 28.857 65.670 -20.203 0.015 0.010 22.042 -13.614
22.337 29.514 65.714 4.457 0.019 0.010 22.337 -13.609
22.639 30.174 65.993 27.864 0.023 0.010 22.639 -13.603
22.947 30.839 66.495 50.193 0.028 0.010 22.947 -13.595
23.262 31.511 67.211 71.587 0.034 0.010 23.262 -13.585
23.584 32.193 68.132 92.151 0.040 0.010 23.584 -13.573
23.913 32.885 69.252 111.956 0.046 0.010 23.912 -13.559
24.249 33.591 70.562 131.043 0.054 0.010 24.248 -13.542
24.592 34.311 72.056 149.413 0.061 0.010 24.590 -13.523
24.943 35.049 73.727 167.033 0.069 0.010 24.940 -13.500
25.301 35.804 75.565 183.823 0.078 0.010 25.297 -13.474
25.667 36.580 77.562 199.670 0.087 0.010 25.662 -13.443
26.040 37.377 79.706 214.394 0.097 0.010 26.034 -13.409
26.422 38.197 81.983 227.780 0.107 0.010 26.414 -13.370
26.813 39.041 84.379 239.534 0.118 0.010 26.802 -13.326
27.212 39.909 86.872 249.306 0.130 0.010 27.198 -13.277
27.620 40.804 89.439 256.670 0.142 0.010 27.602 -13.221
28.037 41.724 92.050 261.118 0.155 0.010 28.015 -13.160
28.464 42.671 94.670 262.057 0.169 0.010 28.436 -13.091
28.900 43.643 97.259 258.820 0.184 0.010 28.865 -13.014
29.347 44.641 99.765 250.641 0.199 0.010 29.304 -12.929
29.803 45.662 102.132 236.685 0.215 0.010 29.751 -12.836
30.270 46.705 104.292 216.052 0.231 0.010 30.206 -12.732
30.748 47.767 106.170 187.801 0.249 0.010 30.670 -12.619
31.236 48.844 107.680 150.978 0.267 0.010 31.142 -12.494
31.736 49.931 108.727 104.673 0.286 0.010 31.623 -12.358
32.246 51.023 109.207 48.066 0.306 0.010 32.111 -12.209
32.767 52.113 109.013 -19.482 0.326 0.010 32.606 -12.048
33.299 53.194 108.029 -98.353 0.348 0.010 33.108 -11.872
33.842 54.255 106.143 -188.565 0.370 0.010 33.616 -11.681
34.394 55.288 103.247 -289.678 0.393 0.010 34.129 -11.475
34.957 56.280 99.240 -400.664 0.417 0.010 34.647 -11.254
35.529 57.220 94.041 -519.874 0.441 0.010 35.167 -11.016
36.110 58.096 87.592 -644.935 0.466 0.010 35.689 -10.761
36.699 58.895 79.864 -772.781 0.492 0.010 36.212 -10.490
37.295 59.604 70.867 -899.699 0.518 0.010 36.734 -10.201
37.898 60.210 60.653 -1021.451 0.544 0.010 37.253 -9.896
38.505 60.703 49.318 -1133.507 0.571 0.010 37.768 -9.575
39.115 61.073 37.005 -1231.272 0.599 0.010 38.277 -9.238
39.728 61.312 23.900 -1310.457 0.626 0.010 38.779 -8.885
40.343 61.415 10.227 -1367.357 0.653 0.010 39.271 -8.519
40.956 61.377 -3.765 -1399.207 0.681 0.010 39.754 -8.139
41.568 61.199 -17.809 -1404.390 0.708 0.010 40.224 -7.747
42.177 60.883 -31.635 -1382.608 0.735 0.010 40.681 -7.345
42.781 60.433 -44.984 -1334.899 0.762 0.010 41.124 -6.934
43.380 59.856 -57.620 -1263.550 0.788 0.010 41.551 -6.515
43.972 59.163 -69.339 -1171.887 0.814 0.010 41.963 -6.090
44.555 58.363 -79.979 -1063.997 0.839 0.010 42.358 -5.661
45.130 57.469 -89.423 -944.395 0.864 0.010 42.737 -5.228
45.695 56.493 -97.600 -817.702 0.888 0.010 43.099 -4.794
46.249 55.448 -104.483 -688.337 0.911 0.010 43.444 -4.360
46.793 54.347 -110.086 -560.288 0.933 0.010 43.772 -3.927
47.325 53.203 -114.455 -436.939 0.955 0.010 44.084 -3.496
47.845 52.026 -117.665 -320.977 0.975 0.010 44.380 -3.069
48.353 50.828 -119.809 -214.378 0.995 0.010 44.661 -2.645
48.850 49.618 -120.993 -118.427 1.014 0.010 44.928 -2.227
49.334 48.405 -121.331 -33.799 1.031 0.010 45.180 -1.814
49.806 47.195 -120.938 39.355 1.049 0.010 45.419 -1.406
50.266 45.996 -119.925 101.296 1.065 0.010 45.645 -1.006
50.714 44.812 -118.399 152.593 1.080 0.010 45.859 -0.612
51.150 43.648 -116.458 194.038 1.094 0.010 46.062 -0.226
51.575 42.506 -114.193 226.545 1.108 0.010 46.255 0.153
51.989 41.389 -111.682 251.102 1.121 0.010 46.437 0.525
52.392 40.299 -108.995 268.699 1.133 0.010 46.610 0.888
52.784 39.237 -106.192 280.308 1.144 0.010 46.775 1.245
53.167 38.204 -103.323 286.843 1.154 0.010 46.931 1.593
53.539 37.199 -100.432 289.144 1.164 0.010 47.080 1.934
53.901 36.224 -97.552 287.977 1.173 0.010 47.222 2.268
54.254 35.277 -94.712 284.021 1.181 0.010 47.357 2.593
54.597 34.358 -91.933 277.874 1.189 0.010 47.486 2.912
54.932 33.465 -89.233 270.057 1.196 0.010 47.610 3.223
55.258 32.599 -86.622 261.020 1.202 0.010 47.728 3.526
55.575 31.758 -84.111 251.147 1.208 0.010 47.842 3.823
55.885 30.941 -81.703 240.767 1.213 0.010 47.951 4.112
56.186 30.147 -79.402 230.159 1.217 0.010 48.056 4.395
56.480 29.375 -77.206 219.557 1.221 0.010 48.157 4.671
56.766 28.624 -75.114 209.162 1.225 0.010 48.255 4.940
57.045 27.892 -73.123 199.143 1.228 0.010 48.349 5.202
57.317 27.180 -71.227 189.646 1.230 0.010 48.440 5.459
57.582 26.486 -69.419 180.797 1.232 0.010 48.528 5.708
57.840 25.809 -67.692 172.706 1.233 0.010 48.614 5.952
58.091 25.149 -66.037 165.469 1.234 0.010 48.697 6.189
58.336 24.504 -64.445 159.176 1.234 0.010 48.778 6.420
58.575 23.875 -62.906 153.909 1.234 0.010 48.857 6.646
58.808 23.261 -61.409 149.743 1.234 0.010 48.934 6.865
59.034 22.662 -59.941 146.753 1.233 0.010 49.009 7.079
59.255 22.077 -58.491 145.012 1.231 0.010 49.082 7.287
59.470 21.506 -57.045 144.588 1.229 0.010 49.154 7.490
59.680 20.950 -55.590 145.552 1.227 0.010 49.225 7.687
59.884 20.409 -54.110 147.973 1.225 0.010 49.294 7.879
60.083 19.883 -52.591 151.918 1.222 0.010 49.361 8.066
60.276 19.373 -51.016 157.452 1.218 0.010 49.428 8.248
60.465 18.880 -49.370 164.637 1.214 0.010 49.493 8.425
60.649 18.403 -47.634 173.532 1.210 0.010 49.558 8.598
60.829 17.945 -45.793 184.187 1.206 0.010 49.622 8.765
61.004 17.507 -43.826 196.646 1.201 0.010 49.685 8.929
61.175 17.090 -41.717 210.941 1.196 0.010 49.747 9.088
61.342 16.695 -39.446 227.091 1.191 0.010 49.808 9.243
61.505 16.325 -36.995 245.100 1.185 0.010 49.869 9.395
61.665 15.982 -34.345 264.951 1.179 0.010 49.930 9.542
61.821 15.667 -31.479 286.608 1.173 0.010 49.990 9.687
61.975 15.383 -28.379 310.009 1.167 0.010 50.050 9.829
62.126 15.133 -25.028 335.067 1.160 0.010 50.110 9.968
62.276 14.919 -21.412 361.665 1.153 0.010 50.170 10.104
62.423 14.744 -17.515 389.657 1.147 0.010 50.230 10.239
62.569 14.611 -13.327 418.868 1.140 0.010 50.291 10.372
62.714 14.522 -8.836 449.091 1.133 0.010 50.352 10.504
62.859 14.482 -4.035 480.093 1.126 0.010 50.414 10.634
63.004 14.493 1.081 511.613 1.119 0.010 50.477 10.765
63.150 14.558 6.515 543.367 1.112 0.010 50.541 10.896
63.297 14.680 12.266 575.053 1.105 0.010 50.606 11.027
63.445 14.864 18.329 606.354 1.098 0.010 50.673 11.160
63.596 15.111 24.699 636.943 1.092 0.010 50.743 11.294
63.751 15.424 31.364 666.489 1.086 0.010 50.814 11.431
63.909 15.808 38.310 694.661 1.080 0.010 50.888 11.570
64.071 16.263 45.521 721.129 1.074 0.010 50.965 11.714
64.239 16.792 52.977 745.571 1.069 0.010 51.046 11.861
64.413 17.399 60.654 767.662 1.064 0.010 51.130 12.013
64.594 18.084 68.525 787.081 1.059 0.010 51.218 12.171
64.783 18.850 76.560 803.498 1.056 0.010 51.311 12.335
64.979 19.697 84.725 816.561 1.052 0.010 51.408 12.507
65.186 20.627 92.984 825.890 1.050 0.010 51.510 12.686
65.402 21.640 101.295 831.049 1.048 0.010 51.618 12.873
65.630 22.736 109.610 831.532 1.047 0.010 51.732 13.070
65.866 23.677 94.110 -1550.031 1.047 0.010 51.850 13.275
66.094 22.758 -91.946 -18605.552 1.046 0.010 51.964 13.472
66.309 21.476 -128.147 -3620.134 1.044 0.010 52.072 13.658
66.511 20.254 -122.199 594.809 1.042 0.010 52.174 13.833
66.702 19.088 -116.583 561.631 1.038 0.010 52.271 13.998
66.882 17.976 -111.241 534.209 1.034 0.010 52.362 14.152
67.051 16.915 -106.118 512.237 1.028 0.010 52.449 14.297
67.210 15.903 -101.165 495.378 1.022 0.010 52.532 14.433
67.359 14.940 -96.332 483.270 1.016 0.010 52.610 14.561
67.500 14.024 -91.577 475.529 1.008 0.010 52.684 14.680
67.631 13.155 -86.859 471.748 1.000 0.010 52.755 14.791
67.755 12.334 -82.144 471.499 0.992 0.010 52.822 14.894
67.870 11.560 -77.401 474.327 0.983 0.010 52.885 14.991
67.978 10.834 -72.603 479.757 0.973 0.010 52.946 15.080
68.080 10.157 -67.731 487.288 0.963 0.010 53.004 15.164
68.175 9.529 -62.766 496.403 0.952 0.010 53.058 15.242
68.265 8.952 -57.701 506.566 0.941 0.010 53.111 15.315
68.349 8.427 -52.528 517.233 0.930 0.010 53.161 15.383
68.429 7.954 -47.250 527.863 0.918 0.010 53.209 15.446
68.504 7.535 -41.871 537.921 0.906 0.010 53.255 15.506
68.576 7.171 -36.402 546.895 0.894 0.010 53.299 15.562
68.644 6.863 -30.859 554.307 0.881 0.010 53.343 15.615
68.710 6.610 -25.261 559.726 0.868 0.010 53.385 15.666
68.775 6.414 -19.634 562.779 0.855 0.010 53.427 15.714
68.837 6.274 -14.002 563.161 0.842 0.010 53.468 15.762
68.899 6.190 -8.395 560.648 0.829 0.010 53.510 15.807
68.961 6.161 -2.845 555.096 0.816 0.010 53.552 15.853
69.023 6.188 2.620 546.451 0.803 0.010 53.594 15.897
69.085 6.267 7.967 534.744 0.790 0.010 53.638 15.942
69.149 6.399 13.168 520.089 0.777 0.010 53.683 15.987
69.215 6.581 18.195 502.677 0.764 0.010 53.731 16.033
69.283 6.811 23.023 482.764 0.752 0.010 53.780 16.080
69.354 7.088 27.629 460.662 0.739 0.010 53.832 16.128
69.428 7.407 31.997 436.724 0.727 0.010 53.887 16.178
69.506 7.769 36.110 411.332 0.715 0.010 53.946 16.229
69.588 8.168 39.959 384.879 0.704 0.010 54.008 16.282
69.674 8.604 43.536 357.762 0.692 0.010 54.073 16.338
69.764 9.072 46.840 330.363 0.681 0.010 54.144 16.395
69.860 9.571 49.870 303.046 0.671 0.010 54.218 16.455
69.961 10.097 52.632 276.142 0.661 0.010 54.298 16.517
70.068 10.648 55.131 249.947 0.651 0.010 54.382 16.582
70.180 11.222 57.378 224.716 0.641 0.010 54.472 16.650
70.298 11.816 59.385 200.661 0.633 0.010 54.567 16.720
70.422 12.428 61.165 177.951 0.624 0.010 54.667 16.793
70.553 13.055 62.732 156.710 0.616 0.010 54.773 16.869
70.690 13.696 64.102 137.025 0.608 0.010 54.886 16.948
70.833 14.349 65.291 118.943 0.601 0.010 55.004 17.029
70.983 15.012 66.316 102.477 0.595 0.010 55.128 17.114
71.140 15.684 67.192 87.611 0.589 0.010 55.258 17.201
71.304 16.363 67.935 74.303 0.583 0.010 55.394 17.292
71.474 17.049 68.560 62.486 0.578 0.010 55.537 17.385
71.652 17.740 69.081 52.079 0.573 0.010 55.686 17.482
71.836 18.435 69.511 42.982 0.569 0.010 55.841 17.581
72.027 19.133 69.862 35.085 0.566 0.010 56.002 17.684
72.226 19.835 70.144 28.268 0.563 0.010 56.170 17.790
72.431 20.538 70.368 22.406 0.560 0.010 56.343 17.900
72.644 21.244 70.542 17.365 0.558 0.010 56.524 18.012
72.863 21.951 70.672 13.011 0.557 0.010 56.710 18.128
73.090 22.658 70.764 9.206 0.556 0.010 56.902 18.248
73.323 23.366 70.822 5.809 0.555 0.010 57.101 18.371
73.564 24.075 70.849 2.681 0.555 0.010 57.305 18.498
73.812 24.783 70.846 -0.321 0.556 0.010 57.516 18.629
74.067 25.492 70.812 -3.338 0.557 0.010 57.733 18.763
74.329 26.199 70.747 -6.512 0.558 0.010 57.955 18.902
74.598 26.906 70.647 -9.983 0.561 0.010 58.183 19.045
74.874 27.611 70.509 -13.893 0.563 0.010 58.416 19.192
75.157 28.314 70.325 -18.381 0.566 0.010 58.656 19.344
75.447 29.015 70.089 -23.584 0.570 0.010 58.900 19.500
75.744 29.713 69.793 -29.638 0.574 0.010 59.150 19.661
76.048 30.407 69.426 -36.672 0.579 0.010 59.405 19.826
76.359 31.097 68.978 -44.813 0.584 0.010 59.665 19.997
76.677 31.781 68.436 -54.178 0.590 0.010 59.929 20.173
77.002 32.459 67.787 -64.876 0.596 0.010 60.199 20.355
77.333 33.129 67.017 -77.001 0.603 0.010 60.472 20.542
77.671 33.790 66.111 -90.634 0.610 0.010 60.750 20.734
78.015 34.441 65.052 -105.835 0.618 0.010 61.031 20.932
78.366 35.079 63.826 -122.641 0.626 0.010 61.316 21.137
78.723 35.703 62.415 -141.064 0.634 0.010 61.605 21.347
79.086 36.311 60.805 -161.083 0.643 0.010 61.896 21.564
79.455 36.901 58.978 -182.642 0.653 0.010 62.191 21.786
79.830 37.470 56.922 -205.647 0.663 0.010 62.487 22.016
80.210 38.016 54.622 -229.966 0.673 0.010 62.786 22.251
80.596 38.537 52.068 -255.418 0.684 0.010 63.086 22.493
80.986 39.030 49.250 -281.784 0.695 0.010 63.387 22.741
81.381 39.491 46.162 -308.800 0.706 0.010 63.689 22.996
81.780 39.919 42.800 -336.161 0.718 0.010 63.991 23.256
82.183 40.311 39.165 -363.529 0.730 0.010 64.293 23.523
82.590 40.663 35.260 -390.536 0.742 0.010 64.594 23.796
82.999 40.974 31.092 -416.796 0.754 0.010 64.895 24.075
83.412 41.241 26.673 -441.911 0.767 0.010 65.193 24.359
83.826 41.461 22.018 -465.490 0.780 0.010 65.490 24.649
84.243 41.633 17.146 -487.155 0.793 0.010 65.784 24.944
84.660 41.733 10.057 -708.874 0.806 0.010 66.075 25.243
85.077 41.735 0.210 -984.788 0.819 0.010 66.362 25.546
85.494 41.632 -10.315 -1052.440 0.832 0.010 66.644 25.852
85.908 41.424 -20.864 -1054.958 0.845 0.010 66.921 26.160
86.319 41.110 -31.340 -1047.582 0.858 0.010 67.192 26.469
86.726 40.694 -41.645 -1030.463 0.870 0.010 67.456 26.779
87.128 40.177 -51.685 -1004.014 0.883 0.010 67.714 27.088
87.523 39.563 -61.374 -968.883 0.895 0.010 67.963 27.395
87.912 38.857 -70.633 -925.921 0.907 0.010 68.204 27.699
88.293 38.063 -79.394 -876.126 0.918 0.010 68.437 28.000
88.665 37.187 -87.600 -820.602 0.929 0.010 68.661 28.297
89.027 36.235 -95.205 -760.501 0.939 0.010 68.877 28.588
89.379 35.213 -102.175 -696.977 0.949 0.010 69.083 28.874
89.720 34.128 -108.487 -631.145 0.959 0.010 69.281 29.152
90.050 32.987 -114.127 -564.048 0.968 0.010 69.469 29.423
90.368 31.796 -119.093 -496.638 0.976 0.010 69.648 29.685
90.674 30.562 -123.391 -429.759 0.984 0.010 69.818 29.939
90.967 29.292 -127.032 -364.147 0.992 0.010 69.979 30.184
91.247 27.991 -130.037 -300.438 0.998 0.010 70.132 30.419
91.513 26.667 -132.429 -239.176 1.004 0.010 70.276 30.643
91.766 25.325 -134.237 -180.834 1.010 0.010 70.411 30.857
92.006 23.970 -135.495 -125.834 1.015 0.010 70.538 31.061
92.232 22.607 -136.241 -74.562 1.020 0.010 70.657 31.253
92.445 21.242 -136.515 -27.399 1.024 0.010 70.767 31.434
92.643 19.879 -136.362 15.275 1.028 0.010 70.870 31.604
92.829 18.520 -135.832 53.054 1.031 0.010 70.966 31.763
93.000 17.171 -134.977 85.504 1.034 0.010 71.054 31.910
93.159 15.847 -132.404 257.209 1.036 0.010 71.135 32.047
93.305 14.567 -127.917 448.769 1.038 0.010 71.209 32.172
93.438 13.336 -123.126 479.032 1.040 0.010 71.277 32.287
93.560 12.165 -117.108 601.855 1.041 0.010 71.338 32.392
93.670 11.069 -109.634 747.438 1.043 0.010 71.394 32.488
93.771 10.047 -102.186 744.713 1.044 0.010 71.445 32.574
93.862 9.095 -95.151 703.566 1.044 0.010 71.490 32.653
93.944 8.210 -88.515 663.575 1.045 0.010 71.532 32.724
94.018 7.387 -82.264 625.056 1.046 0.010 71.569 32.788
94.084 6.624 -76.382 588.277 1.046 0.010 71.602 32.845
94.143 5.915 -70.847 553.459 1.046 0.010 71.631 32.896
94.196 5.259 -65.639 520.778 1.047 0.010 71.658 32.942
94.242 4.651 -60.736 490.372 1.047 0.010 71.681 32.982
94.283 4.090 -56.112 462.337 1.047 0.010 71.701 33.018
94.319 3.573 -51.745 436.731 1.047 0.010 71.719 33.049
94.350 3.097 -47.609 413.578 1.047 0.010 71.735 33.075
94.376 2.660 -43.680 392.868 1.047 0.010 71.748 33.098
94.399 2.261 -39.935 374.559 1.047 0.010 71.759 33.118
94.418 1.897 -36.349 358.580 1.047 0.010 71.769 33.134
94.434 1.568 -32.901 344.835 1.047 0.010 71.777 33.148
94.446 1.272 -29.569 333.207 1.047 0.010 71.783 33.159
94.456 1.009 -26.333 323.554 1.047 0.010 71.788 33.168
94.464 0.777 -23.176 315.722 1.047 0.010 71.792 33.174
94.470 0.577 -20.080 309.540 1.047 0.010 71.795 33.179
94.474 0.406 -17.032 304.826 1.047 0.010 71.797 33.183
94.477 0.266 -14.018 301.389 1.047 0.010 71.798 33.185
94.478 0.156 -11.028 299.032 1.047 0.010 71.799 33.187
94.479 0.075 -8.052 297.551 1.047 0.010 71.799 33.187
94.479 0.024 -5.085 296.742 1.047 0.010 71.800 33.187
94.479 0.003 -2.121 296.395 1.047 0.010 71.800 33.188
94.479 0.000 -0.320 180.134 1.047 0.010 71.800 33.188
